-----------------------------------------------------
-----     Resultados para Ejemplo Peque   -----
-----------------------------------------------------

Parametro Deficit (alfa): 1.0
Parametro Exceso (beta):  1.0
Parametro de probabilidades (epsilon): 0.0
CPU time: 0.233
p	q	g Estimada	g Exacta	g Referencia	Deficit	Exceso
0	1	27665.0	26274.0	26274.0	0	 	1391.0
0	2	18906.0	18906.0	18906.0	0	 	0
0	3	988.0	930.0	988.0	0	 	0
0	4	9840.0	9840.0	9840.0	0	 	0
0	5	7146.0	7146.0	7146.0	0	 	0
0	6	29304.0	29304.0	29304.0	0	 	0
0	7	12906.0	12906.0	12906.0	0	 	0
0	8	26694.0	26694.0	26694.0	0	 	0
0	9	24347.0	21618.0	21935.0	0	 	2412.0
1	0	15534.0	15534.0	15534.0	0	 	0
1	2	29770.0	26820.0	26820.0	0	 	2950.0
1	3	15810.0	15810.0	15810.0	0	 	0
1	4	16053.0	16068.0	16053.0	0	 	0
1	5	27744.0	27744.0	27744.0	0	 	0
1	6	14692.0	14700.0	14700.0	8.0	 	0
1	7	14388.0	14388.0	14388.0	0	 	0
1	8	2202.0	2406.0	2406.0	204.0	 	0
1	9	10278.0	10278.0	10278.0	0	 	0
2	0	6600.0	6600.0	6600.0	0	 	0
2	1	29423.0	26508.0	26508.0	0	 	2915.0
2	3	1252.0	1128.0	1128.0	0	 	124.0
2	4	11466.0	11466.0	11466.0	0	 	0
2	5	24272.0	26946.0	24271.0	0	 	1.0
2	6	7678.0	6918.0	6918.0	0	 	760.0
2	7	29316.0	29316.0	29316.0	0	 	0
2	8	1422.0	1596.0	1596.0	174.0	 	0
2	9	9648.0	9648.0	9648.0	0	 	0
3	0	26364.0	26364.0	26364.0	0	 	0
3	1	22470.0	22470.0	22470.0	0	 	0
3	2	11888.0	10710.0	10710.0	0	 	1178.0
3	4	13687.0	13716.0	13716.0	29.0	 	0
3	5	27258.0	27258.0	27258.0	0	 	0
3	6	16197.0	14592.0	14592.0	0	 	1605.0
3	7	20310.0	20310.0	20310.0	0	 	0
3	8	20253.0	19926.0	21494.0	1241.0	 	0
3	9	4235.0	4332.0	4235.0	0	 	0
4	0	31489.0	29970.0	28369.0	0	 	3120.0
4	1	19002.0	19002.0	19002.0	0	 	0
4	2	23832.0	23832.0	23832.0	0	 	0
4	3	30829.0	27774.0	27774.0	0	 	3055.0
4	5	324.0	324.0	324.0	0	 	0
4	6	23745.0	23808.0	23744.0	0	 	1.0
4	7	19170.0	19170.0	19170.0	0	 	0
4	8	19113.0	18822.0	19113.0	0	 	0
4	9	33300.0	30000.0	30000.0	0	 	3300.0
5	0	4770.0	4770.0	4770.0	0	 	0
5	1	20958.0	20958.0	20958.0	0	 	0
5	2	7926.0	7926.0	7926.0	0	 	0
5	3	28644.0	28644.0	28644.0	0	 	0
5	4	13788.0	13788.0	13788.0	0	 	0
5	6	9370.0	8442.0	8442.0	0	 	928.0
5	7	12108.0	12108.0	12108.0	0	 	0
5	8	1250.0	1404.0	1404.0	154.0	 	0
5	9	15538.0	16104.0	15538.0	0	 	0
6	0	17399.0	16134.0	17399.0	0	 	0
6	1	21769.0	23160.0	23160.0	1391.0	 	0
6	2	7785.0	7014.0	7014.0	0	 	771.0
6	3	4135.0	3726.0	3726.0	0	 	409.0
6	4	13566.0	13188.0	13567.0	1.0	 	0
6	5	6686.0	6024.0	6024.0	0	 	662.0
6	7	1432.0	1518.0	1432.0	0	 	0
6	8	24696.0	24696.0	24696.0	0	 	0
6	9	22182.0	22182.0	22182.0	0	 	0
7	0	23043.0	20760.0	20760.0	0	 	2283.0
7	1	8862.0	8862.0	8862.0	0	 	0
7	2	20532.0	20532.0	20532.0	0	 	0
7	3	18582.0	18582.0	18582.0	0	 	0
7	4	17472.0	17472.0	17472.0	0	 	0
7	5	4500.0	4500.0	4500.0	0	 	0
7	6	24942.0	24942.0	24942.0	0	 	0
7	8	3796.0	3420.0	3420.0	0	 	376.0
7	9	23822.0	21462.0	21462.0	0	 	2360.0
8	0	11424.0	11424.0	11424.0	0	 	0
8	1	14016.0	14016.0	14016.0	0	 	0
8	2	4068.0	4068.0	4068.0	0	 	0
8	3	16470.0	16470.0	16470.0	0	 	0
8	4	11736.0	11736.0	11736.0	0	 	0
8	5	8190.0	8190.0	8190.0	0	 	0
8	6	24624.0	24624.0	24624.0	0	 	0
8	7	24414.0	24414.0	24414.0	0	 	0
8	9	5880.0	5298.0	5298.0	0	 	582.0
9	0	4162.0	3750.0	3750.0	0	 	412.0
9	1	18348.0	18348.0	18348.0	0	 	0
9	2	10356.0	10356.0	10356.0	0	 	0
9	3	9918.0	9918.0	9918.0	0	 	0
9	4	16484.0	18036.0	16484.0	0	 	0
9	5	8262.0	8262.0	8262.0	0	 	0
9	6	8358.0	8358.0	8358.0	0	 	0
9	7	13434.0	13434.0	13434.0	0	 	0
9	8	4374.0	4374.0	4374.0	0	 	0

l	i	j	v Observado	v Estimado
0	0	1	132222.0	132222.0
0	0	4	83698.0	82301.0
0	0	6	64336.0	64336.0
0	4	5	74941.0	73583.0
0	0	7	81186.0	81186.0
0	9	8	46464.0	46464.0
0	1	0	89010.0	88711.0
0	1	4	70923.0	69571.0
0	3	4	66223.0	66223.0
0	6	7	95418.0	95418.0
0	6	0	81439.0	81439.0
0	4	1	63111.0	63111.0
0	5	4	79879.0	79439.0
0	7	6	109608.0	109608.0
0	8	7	113913.0	113913.0
