-----------------------------------------------------
-----     Resultados para Ejemplo Peque   -----
-----------------------------------------------------

Parametro Deficit (alfa): 1.0
Parametro Exceso (beta):  1.0
Parametro de probabilidades (epsilon): 0.0
CPU time: 1.587
p	q	g Estimada	g Exacta	g Referencia	Deficit	Exceso
0	1	119472.0	119472.0	119472.0	0	 	0
0	2	82224.0	82224.0	82224.0	0	 	0
0	3	40680.0	40680.0	40680.0	0	 	0
0	4	114168.0	114168.0	114168.0	0	 	0
0	5	14928.0	14928.0	14928.0	0	 	0
0	6	62328.0	62328.0	62328.0	0	 	0
0	7	42648.0	42648.0	42648.0	0	 	0
0	8	55536.0	55536.0	55536.0	0	 	0
0	9	1128.0	1128.0	1128.0	0	 	0
1	0	70916.0	75024.0	70914.0	0	 	2.0
1	2	62040.0	62040.0	62040.0	0	 	0
1	3	80783.99999999994	78000.0	83982.0	3198.000000000058	 	0
1	4	53328.0	53328.0	53328.0	0	 	0
1	5	115560.0	115560.0	115560.0	0	 	0
1	6	76416.0	76416.0	76416.0	0	 	0
1	7	62304.0	62304.0	62304.0	0	 	0
1	8	57960.0	57960.0	57960.0	0	 	0
1	9	114024.0	114024.0	114024.0	0	 	0
2	0	71784.0	71784.0	71784.0	0	 	0
2	1	6600.0	6600.0	6600.0	0	 	0
2	3	5616.0	5616.0	5616.0	0	 	0
2	4	73800.0	73800.0	73800.0	0	 	0
2	5	35856.00000000006	38640.0	38640.0	2783.999999999942	 	0
2	6	88944.0	88944.0	88944.0	0	 	0
2	7	27720.0	27720.0	27720.0	0	 	0
2	8	80232.0	80232.0	80232.0	0	 	0
2	9	112800.0	112800.0	112800.0	0	 	0
3	0	3495.9999999999873	3240.0	3495.0	0	 	0.9999999999872671
3	1	34128.0	34128.0	34128.0	0	 	0
3	2	66792.0	66792.0	66792.0	0	 	0
3	4	28392.0	28392.0	28392.0	0	 	0
3	5	91704.0	91704.0	91704.0	0	 	0
3	6	17520.0	17520.0	17520.0	0	 	0
3	7	65808.0	65808.0	65808.0	0	 	0
3	8	68088.0	68088.0	68088.0	0	 	0
3	9	94624.0	94752.0	94752.0	128.0	 	0
4	0	95880.0	95880.0	95880.0	0	 	0
4	1	37968.0	37968.0	37968.0	0	 	0
4	2	110640.0	110640.0	110640.0	0	 	0
4	3	112474.0	101328.0	101328.0	0	 	11146.0
4	5	50568.0	50568.0	50568.0	0	 	0
4	6	67992.0	67992.0	67992.0	0	 	0
4	7	95448.0	95448.0	95448.0	0	 	0
4	8	22176.0	20448.0	22226.0	50.0	 	0
4	9	50568.0	50568.0	50568.0	0	 	0
5	0	86864.0	87120.0	94975.0	8111.0	 	0
5	1	60984.0	63072.0	63967.0	2983.0	 	0
5	2	60624.0	60624.0	61082.0	458.0	 	0
5	3	94080.0	86448.0	94081.0	1.0	 	0
5	4	97944.0	97944.0	97944.0	0	 	0
5	6	117792.0	117792.0	117792.0	0	 	0
5	7	108456.0	108456.0	108456.0	0	 	0
5	8	104384.0	108072.0	108072.0	3688.0	 	0
5	9	12968.0	14568.0	14568.0	1600.0	 	0
6	0	29736.0	29736.0	29736.0	0	 	0
6	1	29088.0	29088.0	29088.0	0	 	0
6	2	40296.0	40296.0	40296.0	0	 	0
6	3	4209.0	3792.0	3792.0	0	 	417.0
6	4	111624.0	111624.0	111624.0	0	 	0
6	5	102819.99999999997	113184.0	102819.0	0	 	0.9999999999708962
6	7	75528.0	75528.0	75528.0	0	 	0
6	8	66096.0	66096.0	66096.0	0	 	0
6	9	115776.0	115776.0	115776.0	0	 	0
7	0	44376.0	44376.0	44376.0	0	 	0
7	1	50064.0	50064.0	50064.0	0	 	0
7	2	40272.0	40272.0	40272.0	0	 	0
7	3	54744.0	54744.0	54744.0	0	 	0
7	4	51540.00000000001	48696.0	51543.0	2.999999999992724	 	0
7	5	74144.0	75792.0	74144.0	0	 	0
7	6	39336.0	39336.0	39336.0	0	 	0
7	8	100536.0	100536.0	100536.0	0	 	0
7	9	20328.0	20328.0	20328.0	0	 	0
8	0	6984.0	6984.0	6984.0	0	 	0
8	1	57000.0	57000.0	57000.0	0	 	0
8	2	83160.0	83160.0	83160.0	0	 	0
8	3	10032.0	10032.0	10032.0	0	 	0
8	4	53579.99999999999	56424.0	56424.0	2844.0000000000073	 	0
8	5	119616.0	119616.0	119616.0	0	 	0
8	6	50952.0	50952.0	50952.0	0	 	0
8	7	109224.0	109224.0	109224.0	0	 	0
8	9	42336.0	42336.0	42336.0	0	 	0
9	0	110951.99999999997	109560.0	110954.0	2.000000000029104	 	0
9	1	32040.0	32040.0	32040.0	0	 	0
9	2	47736.00000000003	49128.0	49128.0	1391.999999999971	 	0
9	3	6592.0	6816.0	6816.0	224.0	 	0
9	4	60344.0	60120.0	60344.0	0	 	0
9	5	15792.0	15792.0	15792.0	0	 	0
9	6	88536.0	88536.0	88536.0	0	 	0
9	7	89376.0	89376.0	89376.0	0	 	0
9	8	37884.0	36384.0	34130.0	0	 	3754.0

l	i	j	v Observado	v Estimado
0	0	1	120183.0	119835.0
2	0	1	120183.0	119835.0
0	1	2	87357.0	87357.0
2	1	2	87357.0	87357.0
0	0	4	91757.0	91757.0
1	0	4	91757.0	91757.0
2	0	4	91757.0	91757.0
3	0	4	91757.0	91757.0
0	0	6	69437.0	69437.0
1	0	6	69437.0	69437.0
2	0	6	69437.0	69437.0
3	0	6	69437.0	69437.0
0	4	5	69305.0	68957.0
2	4	5	69305.0	68957.0
0	6	5	104609.0	101258.0
2	6	5	104609.0	101258.0
0	0	7	71679.0	71679.0
2	0	7	71679.0	71679.0
0	0	9	165018.0	165018.0
1	0	9	165018.0	165018.0
2	0	9	165018.0	165018.0
3	0	9	165018.0	165018.0
0	7	8	105210.0	104288.0
2	7	8	105210.0	104288.0
0	1	0	156072.0	155045.0
2	1	0	156072.0	155045.0
0	2	3	60939.0	60939.0
2	2	3	60939.0	60939.0
0	1	4	66027.0	66027.0
2	1	4	66027.0	66027.0
0	2	1	79611.0	79263.0
2	2	1	79611.0	79263.0
0	3	4	65447.0	65447.0
2	3	4	65447.0	65447.0
0	3	6	95948.0	95632.0
2	3	6	95948.0	95632.0
0	6	7	136506.0	135584.0
2	6	7	136506.0	135584.0
0	4	0	109877.0	109877.0
2	4	0	109877.0	109877.0
0	6	0	64247.0	64247.0
2	6	0	64247.0	64247.0
0	3	2	75453.0	75453.0
2	3	2	75453.0	75453.0
0	4	1	43356.0	42834.0
2	4	1	43356.0	42834.0
0	5	6	110942.0	110942.0
2	5	6	110942.0	110942.0
0	5	4	90050.0	90050.0
2	5	4	90050.0	90050.0
0	7	0	72588.0	72588.0
2	7	0	72588.0	72588.0
0	7	6	103047.0	102635.0
2	7	6	103047.0	102635.0
0	8	9	24393.0	24393.0
2	8	9	24393.0	24393.0
0	8	7	123252.0	122541.0
2	8	7	123252.0	122541.0
0	9	0	112938.0	112938.0
2	9	0	112938.0	112938.0
