-----------------------------------------------------
-----     Resultados para Ejemplo Peque   -----
-----------------------------------------------------

Parametro Deficit (alfa): 1.0
Parametro Exceso (beta):  1.0
Parametro de probabilidades (epsilon): 0.0
CPU time: 1.109
p	q	g Estimada	g Exacta	g Referencia	Deficit	Exceso
0	1	10602.0	10602.0	10602.0	0	 	0
0	2	73296.0	73296.0	73296.0	0	 	0
0	3	61956.0	61956.0	61956.0	0	 	0
0	4	72216.0	72216.0	72216.0	0	 	0
0	5	75096.0	75096.0	75096.0	0	 	0
0	6	88068.0	86256.0	92487.0	4419.0	 	0
0	7	8292.0	9198.0	8291.0	0	 	1.0
0	8	46926.0	46926.0	46926.0	0	 	0
0	9	32687.0	29448.0	29448.0	0	 	3239.0
1	0	19152.0	19152.0	19152.0	0	 	0
1	2	67260.0	68094.0	67258.0	0	 	2.0
1	3	29736.0	29736.0	29736.0	0	 	0
1	4	51392.999999999985	51354.0	51394.0	1.000000000014552	 	0
1	5	87243.00000000001	87282.0	87282.0	38.99999999998545	 	0
1	6	14676.0	16488.0	16488.0	1812.0	 	0
1	7	42018.0	41112.0	41112.0	0	 	906.0
1	8	41922.0	41922.0	41922.0	0	 	0
1	9	60462.0	60462.0	60462.0	0	 	0
2	0	89838.0	89838.0	89838.0	0	 	0
2	1	27864.0	27864.0	27864.0	0	 	0
2	3	68256.0	68256.0	68256.0	0	 	0
2	4	47016.0	47016.0	47016.0	0	 	0
2	5	51498.0	51498.0	51498.0	0	 	0
2	6	36882.0	36882.0	36882.0	0	 	0
2	7	77706.0	77706.0	77706.0	0	 	0
2	8	42336.0	42336.0	42336.0	0	 	0
2	9	19386.0	19386.0	19386.0	0	 	0
3	0	73944.0	73944.0	73944.0	0	 	0
3	1	78534.0	78534.0	78534.0	0	 	0
3	2	35928.0	35928.0	35928.0	0	 	0
3	4	68022.0	68022.0	68022.0	0	 	0
3	5	51906.0	56106.0	51903.0	0	 	3.0
3	6	48852.0	48852.0	48852.0	0	 	0
3	7	31896.0	31896.0	31896.0	0	 	0
3	8	46566.0	46566.0	46566.0	0	 	0
3	9	27467.99999999999	27414.0	27414.0	0	 	53.999999999989086
4	0	80486.99999999997	78948.0	78948.0	0	 	1538.999999999971
4	1	53046.0	53046.0	53046.0	0	 	0
4	2	71028.0	71028.0	71028.0	0	 	0
4	3	759.0	684.0	684.0	0	 	75.0
4	5	74646.0	74646.0	74646.0	0	 	0
4	6	63126.0	63126.0	63126.0	0	 	0
4	7	73296.0	73296.0	73296.0	0	 	0
4	8	75546.0	75546.0	75546.0	0	 	0
4	9	15354.0	15354.0	15354.0	0	 	0
5	0	64056.0	67752.0	71973.0	7917.0	 	0
5	1	83268.0	83268.0	83268.0	0	 	0
5	2	84744.0	84744.0	84744.0	0	 	0
5	3	49241.99999999991	45594.0	49253.0	11.000000000087311	 	0
5	4	26280.0	26280.0	26280.0	0	 	0
5	6	28083.0	27270.0	28083.0	0	 	0
5	7	27381.000000000044	28170.0	28170.0	788.9999999999563	 	0
5	8	52182.0	52182.0	52182.0	0	 	0
5	9	53823.00000000003	53568.0	58414.0	4590.999999999971	 	0
6	0	20124.0	20124.0	20124.0	0	 	0
6	1	81612.0	81612.0	81612.0	0	 	0
6	2	7704.0	7704.0	7704.0	0	 	0
6	3	74045.0	66708.0	66708.0	0	 	7337.0
6	4	45801.00000000003	46494.0	45796.0	0	 	5.000000000029104
6	5	7776.0	7776.0	7776.0	0	 	0
6	7	16632.0	16632.0	16632.0	0	 	0
6	8	16452.0	16452.0	16452.0	0	 	0
6	9	39348.0	39348.0	39348.0	0	 	0
7	0	31788.0	31788.0	31788.0	0	 	0
7	1	2754.0	2754.0	2696.0	0	 	58.0
7	2	47124.0	47124.0	47124.0	0	 	0
7	3	31176.0	31176.0	31176.0	0	 	0
7	4	84540.0	83844.0	83844.0	0	 	696.0
7	5	6480.0	6480.0	6480.0	0	 	0
7	6	27780.0	28476.0	28476.0	696.0	 	0
7	8	26946.0	26946.0	26946.0	0	 	0
7	9	59940.0	59940.0	59940.0	0	 	0
8	0	36660.00000000001	38052.0	36363.0	0	 	297.0000000000073
8	1	22356.0	22356.0	22356.0	0	 	0
8	2	44244.0	44244.0	44244.0	0	 	0
8	3	16445.999999999996	15750.0	16448.0	2.000000000003638	 	0
8	4	42966.0	42966.0	42966.0	0	 	0
8	5	66222.0	66222.0	66222.0	0	 	0
8	6	32202.0	32202.0	32202.0	0	 	0
8	7	13086.0	13086.0	13086.0	0	 	0
8	9	15588.0	15588.0	15588.0	0	 	0
9	0	15138.0	15138.0	15138.0	0	 	0
9	1	86256.0	86256.0	86256.0	0	 	0
9	2	64782.0	64782.0	64782.0	0	 	0
9	3	33264.0	33264.0	33264.0	0	 	0
9	4	32376.0	33912.0	32376.0	0	 	0
9	5	87390.0	87390.0	87390.0	0	 	0
9	6	36612.0	36612.0	36612.0	0	 	0
9	7	86058.0	86058.0	86058.0	0	 	0
9	8	60048.0	60048.0	60048.0	0	 	0

l	i	j	v Observado	v Estimado
0	0	1	129114.0	129114.0
2	0	1	129114.0	129114.0
1	1	2	100746.0	100468.0
0	0	4	145872.0	145515.0
1	0	4	145872.0	145515.0
2	0	4	145872.0	145515.0
0	0	6	76308.0	76308.0
1	0	6	76308.0	76308.0
2	0	6	76308.0	76308.0
0	4	5	120570.0	119857.0
2	4	5	120570.0	119857.0
1	6	5	62442.0	61665.0
0	0	7	76317.0	76317.0
2	0	7	76317.0	76317.0
0	9	8	88392.0	88392.0
1	9	8	88392.0	88392.0
2	9	8	88392.0	88392.0
1	7	8	72249.0	72249.0
0	1	0	116127.0	115825.0
2	1	0	116127.0	115825.0
1	2	3	76428.0	76428.0
0	1	4	67587.0	67587.0
2	1	4	67587.0	67587.0
1	2	1	95211.0	95211.0
0	3	4	79578.0	78819.0
2	3	4	79578.0	78819.0
1	3	6	112011.0	111311.0
0	6	7	83973.0	83710.00000000001
2	6	7	83973.0	83710.00000000001
1	4	0	138672.0	138672.0
0	6	0	75810.0	75117.0
2	6	0	75810.0	75117.0
1	3	2	82947.0	82947.0
0	4	1	70365.0	70365.0
2	4	1	70365.0	70365.0
1	5	6	61779.0	61779.0
0	5	4	106677.0	106677.0
2	5	4	106677.0	106677.0
1	7	0	85422.0	85422.0
0	7	6	75330.0	75330.0
2	7	6	75330.0	75330.0
1	8	9	28902.0	28670.0
0	8	7	92253.0	92253.0
2	8	7	92253.0	92253.0
1	9	0	147177.0	146433.0
