-----------------------------------------------------
-----     Resultados para Ejemplo Peque   -----
-----------------------------------------------------

Parametro Deficit (alfa): 1.0
Parametro Exceso (beta):  1.0
Parametro de probabilidades (epsilon): 0.0
CPU time: 0.213
p	q	g Estimada	g Exacta	g Referencia	Deficit	Exceso
0	1	87984.0	87984.0	87984.0	0	 	0
0	2	45920.0	41832.0	41370.0	0	 	4550.0
0	3	1894.0	2088.0	1894.0	0	 	0
0	4	2464.0	2736.0	2736.0	272.0	 	0
0	5	82746.0	82746.0	82746.0	0	 	0
0	6	14814.0	14814.0	14814.0	0	 	0
0	7	30582.0	30582.0	30582.0	0	 	0
0	8	11304.0	11304.0	11304.0	0	 	0
0	9	13383.0	11124.0	12057.0	0	 	1326.0
0	10	36216.0	36216.0	36216.0	0	 	0
1	0	20484.0	20484.0	20484.0	0	 	0
1	2	110201.0	90342.0	99281.0	0	 	10920.0
1	3	36342.0	36342.0	36342.0	0	 	0
1	4	1170.0	1170.0	1193.0	23.0	 	0
1	5	41292.0	41292.0	41292.0	0	 	0
1	6	11808.0	11808.0	11808.0	0	 	0
1	7	94734.0	94734.0	94734.0	0	 	0
1	8	67092.0	60444.0	60444.0	0	 	6648.0
1	9	5436.0	5436.0	5436.0	0	 	0
1	10	99340.0	89496.0	89496.0	0	 	9844.0
2	0	63336.0	57060.0	57060.0	0	 	6276.0
2	1	5112.0	5112.0	5112.0	0	 	0
2	3	49450.0	44550.0	44550.0	0	 	4900.0
2	4	52182.0	52182.0	52182.0	0	 	0
2	5	71424.0	71424.0	71424.0	0	 	0
2	6	35784.0	35784.0	35784.0	0	 	0
2	7	19323.0	18504.0	19323.0	0	 	0
2	8	66433.0	59850.0	59850.0	0	 	6583.0
2	9	60102.0	60102.0	60102.0	0	 	0
2	10	30816.0	30816.0	30816.0	0	 	0
3	0	86436.0	86436.0	86436.0	0	 	0
3	1	13313.0	14004.0	13313.0	0	 	0
3	2	40119.0	36144.0	36144.0	0	 	3975.0
3	4	7452.0	7452.0	7452.0	0	 	0
3	5	66624.0	61650.0	60022.0	0	 	6602.0
3	6	42570.0	42570.0	42570.0	0	 	0
3	7	95324.0	85878.0	85878.0	0	 	9446.0
3	8	68112.0	68112.0	68112.0	0	 	0
3	9	53730.0	53730.0	53730.0	0	 	0
3	10	26820.0	26820.0	26820.0	0	 	0
4	0	63846.0	63846.0	63846.0	0	 	0
4	1	4410.0	4410.0	4410.0	0	 	0
4	2	70236.0	70236.0	70236.0	0	 	0
4	3	55924.0	50382.0	50382.0	0	 	5542.0
4	5	74865.0	67446.0	67446.0	0	 	7419.0
4	6	83592.0	83592.0	83592.0	0	 	0
4	7	78461.0	70686.0	70686.0	0	 	7775.0
4	8	24894.0	24894.0	24894.0	0	 	0
4	9	109290.0	98460.0	98460.0	0	 	10830.0
4	10	83682.0	83682.0	83682.0	0	 	0
5	0	74884.0	75960.0	74884.0	0	 	0
5	1	89118.0	89118.0	89118.0	0	 	0
5	2	77364.0	77364.0	77364.0	0	 	0
5	3	65088.0	65088.0	65088.0	0	 	0
5	4	80676.0	80676.0	80676.0	0	 	0
5	6	84535.0	76158.0	76158.0	0	 	8377.0
5	7	105534.0	95076.0	95076.0	0	 	10458.0
5	8	36432.0	36432.0	36432.0	0	 	0
5	9	38169.0	36432.0	34387.0	0	 	3782.0
5	10	51148.0	46080.0	46080.0	0	 	5068.0
6	0	63955.0	57618.0	57618.0	0	 	6337.0
6	1	8442.0	8442.0	8442.0	0	 	0
6	2	27180.0	27180.0	27180.0	0	 	0
6	3	43398.0	43398.0	43398.0	0	 	0
6	4	97042.0	87426.0	87426.0	0	 	9616.0
6	5	57978.0	57978.0	57978.0	0	 	0
6	7	15824.0	14256.0	14256.0	0	 	1568.0
6	8	39042.0	39042.0	39858.0	816.0	 	0
6	9	25632.0	25632.0	25632.0	0	 	0
6	10	34085.0	30708.0	30708.0	0	 	3377.0
7	0	103356.0	93114.0	93114.0	0	 	10242.0
7	1	73080.0	73080.0	73080.0	0	 	0
7	2	76806.0	76806.0	76806.0	0	 	0
7	3	36018.0	36018.0	36018.0	0	 	0
7	4	81196.0	82098.0	81196.0	0	 	0
7	5	105254.0	94824.0	94824.0	0	 	10430.0
7	6	20598.0	21312.0	21312.0	714.0	 	0
7	8	62586.0	62586.0	62586.0	0	 	0
7	9	12587.0	11340.0	11340.0	0	 	1247.0
7	10	65574.0	65574.0	65574.0	0	 	0
8	0	21960.0	21960.0	21960.0	0	 	0
8	1	78621.0	70830.0	70830.0	0	 	7791.0
8	2	26424.0	26424.0	26424.0	0	 	0
8	3	60102.0	60102.0	60102.0	0	 	0
8	4	33.0	36.0	36.0	3.0	 	0
8	5	39960.0	39960.0	39960.0	0	 	0
8	6	70711.0	71424.0	71424.0	713.0	 	0
8	7	50524.0	50796.0	50796.0	272.0	 	0
8	9	51120.0	51120.0	56033.0	4913.0	 	0
8	10	6816.0	7326.0	6816.0	0	 	0
9	0	103396.0	93150.0	93150.0	0	 	10246.0
9	1	52218.0	52218.0	52218.0	0	 	0
9	2	66114.0	66114.0	66114.0	0	 	0
9	3	98820.0	98820.0	98820.0	0	 	0
9	4	73590.0	74304.0	74304.0	714.0	 	0
9	5	48510.0	48510.0	48510.0	0	 	0
9	6	55170.0	53028.0	55170.0	0	 	0
9	7	7614.0	7614.0	7614.0	0	 	0
9	8	22439.0	19584.0	20216.0	0	 	2223.0
9	10	41338.0	37242.0	37242.0	0	 	4096.0
10	0	419.0	378.0	378.0	0	 	41.0
10	1	28548.0	28548.0	28548.0	0	 	0
10	2	66150.0	66150.0	66150.0	0	 	0
10	3	80910.0	80910.0	80910.0	0	 	0
10	4	24895.0	22428.0	22428.0	0	 	2467.0
10	5	33516.0	33516.0	33516.0	0	 	0
10	6	34465.0	31050.0	31050.0	0	 	3415.0
10	7	62172.0	62172.0	67636.0	5464.0	 	0
10	8	9306.0	9306.0	9306.0	0	 	0
10	9	105674.0	95202.0	95202.0	0	 	10472.0

l	i	j	v Observado	v Estimado
0	0	1	151575.0	151478.0
0	1	3	208458.0	208361.0
0	2	4	115287.0	115287.0
0	0	10	106443.0	106443.0
0	6	5	160653.0	160653.0
0	9	7	248820.0	248820.0
0	10	8	96303.0	96303.0
0	1	0	72834.0	72834.0
0	3	4	22227.0	22227.0
0	8	6	140418.0	140418.0
0	8	7	138387.0	138387.0
0	8	9	125712.0	125712.0
0	2	1	17589.0	17589.0
0	4	6	207654.0	207654.0
0	8	10	60186.0	59676.0
0	3	1	198495.0	197804.0
0	3	8	143019.0	143019.0
0	4	2	260439.0	259901.0
0	6	8	85839.0	85839.0
0	5	4	157338.0	156800.0
0	5	3	219498.0	219498.0
0	7	8	158730.0	158730.0
0	10	1	112680.0	112680.0
0	8	2	120735.0	120734.0
0	7	3	162036.0	162036.0
0	7	4	182016.0	180399.0
0	7	6	60846.0	60846.0
0	8	3	163287.0	163287.0
