-----------------------------------------------------
-----     Resultados para Ejemplo Peque   -----
-----------------------------------------------------

Parametro Deficit (alfa): 1.0
Parametro Exceso (beta):  1.0
Parametro de probabilidades (epsilon): 0.0
CPU time: 2.974
p	q	g Estimada	g Exacta	g Referencia	Deficit	Exceso
0	1	179640.0	179640.0	179640.0	0	 	0
0	2	76356.0	76356.0	76356.0	0	 	0
0	3	127620.0	127620.0	127620.0	0	 	0
0	4	10830.0	10116.0	10832.0	2.0	 	0
0	5	79308.0	79308.0	79308.0	0	 	0
0	6	67644.0	67644.0	67644.0	0	 	0
0	7	47448.0	47448.0	47448.0	0	 	0
0	8	61092.0	61092.0	61092.0	0	 	0
0	9	195588.0	195588.0	195588.0	0	 	0
0	10	213254.0	188460.0	192121.0	0	 	21133.0
0	11	36283.0	32688.0	32688.0	0	 	3595.0
1	0	116475.0	117180.0	117180.0	705.0	 	0
1	2	59361.0	59004.0	63643.0	4282.0	 	0
1	3	129060.0	132444.0	119491.0	0	 	9569.0
1	4	20670.0	21384.0	21384.0	714.0	 	0
1	5	183456.0	183456.0	183456.0	0	 	0
1	6	3600.0	3600.0	3600.0	0	 	0
1	7	118512.0	118512.0	120811.0	2299.0	 	0
1	8	24576.0	27612.0	27612.0	3036.0	 	0
1	9	71316.0	71316.0	71316.0	0	 	0
1	10	100470.0	92988.0	100467.0	0	 	3.0
1	11	124560.0	124560.0	124560.0	0	 	0
2	0	111792.0	114912.0	111790.0	0	 	2.0
2	1	113724.0	113724.0	113724.0	0	 	0
2	3	100908.0	100908.0	100908.0	0	 	0
2	4	85104.0	85104.0	85104.0	0	 	0
2	5	54576.0	54576.0	54576.0	0	 	0
2	6	3672.0	3672.0	3672.0	0	 	0
2	7	171540.0	171540.0	171540.0	0	 	0
2	8	113076.0	113076.0	113076.0	0	 	0
2	9	181341.0	182088.0	182088.0	747.0	 	0
2	10	188496.0	188496.0	188496.0	0	 	0
2	11	38322.0	36828.0	38322.0	0	 	0
3	0	20016.0	20016.0	20016.0	0	 	0
3	1	138744.0	138744.0	138744.0	0	 	0
3	2	157104.0	157104.0	157104.0	0	 	0
3	4	103284.0	103284.0	103284.0	0	 	0
3	5	67032.0	67032.0	67032.0	0	 	0
3	6	160416.0	160416.0	160416.0	0	 	0
3	7	25056.0	25056.0	25056.0	0	 	0
3	8	130968.0	130968.0	130968.0	0	 	0
3	9	76464.0	76464.0	76464.0	0	 	0
3	10	120636.0	120636.0	120636.0	0	 	0
3	11	180432.0	180432.0	180432.0	0	 	0
4	0	48348.0	48348.0	48348.0	0	 	0
4	1	71490.0	76428.0	71486.0	0	 	4.0
4	2	124812.0	124812.0	124812.0	0	 	0
4	3	180093.0	177624.0	177624.0	0	 	2469.0
4	5	64440.0	64440.0	64440.0	0	 	0
4	6	24885.0	26028.0	24885.0	0	 	0
4	7	161748.0	161748.0	161748.0	0	 	0
4	8	49827.0	51768.0	49826.0	0	 	1.0
4	9	188352.0	188352.0	205681.0	17329.0	 	0
4	10	111852.0	111852.0	111852.0	0	 	0
4	11	5940.0	5940.0	5940.0	0	 	0
5	0	8496.0	8496.0	8496.0	0	 	0
5	1	168471.0	151776.0	151776.0	0	 	16695.0
5	2	189792.0	189792.0	189792.0	0	 	0
5	3	151668.0	151668.0	151668.0	0	 	0
5	4	128268.0	128268.0	128268.0	0	 	0
5	6	95796.0	95796.0	95796.0	0	 	0
5	7	23652.0	23652.0	23652.0	0	 	0
5	8	53712.0	53712.0	53712.0	0	 	0
5	9	89100.0	89100.0	89100.0	0	 	0
5	10	207183.0	210924.0	191807.0	0	 	15376.0
5	11	182844.0	182844.0	182844.0	0	 	0
6	0	200016.0	200016.0	200016.0	0	 	0
6	1	170676.0	170676.0	170676.0	0	 	0
6	2	89712.0	89712.0	89712.0	0	 	0
6	3	118404.0	118404.0	118404.0	0	 	0
6	4	10176.0	11088.0	10175.0	0	 	1.0
6	5	151668.0	151668.0	151668.0	0	 	0
6	7	174492.0	174492.0	174492.0	0	 	0
6	8	167688.0	167688.0	167688.0	0	 	0
6	9	100044.0	100044.0	100044.0	0	 	0
6	10	59220.0	59220.0	59220.0	0	 	0
6	11	38304.0	38304.0	38304.0	0	 	0
7	0	56153.99999999997	56880.0	56880.0	726.0000000000291	 	0
7	1	137988.0	137988.0	137988.0	0	 	0
7	2	147492.0	147492.0	147492.0	0	 	0
7	3	154944.0	154944.0	154944.0	0	 	0
7	4	120348.0	120348.0	120348.0	0	 	0
7	5	72180.0	72180.0	72180.0	0	 	0
7	6	65196.0	65196.0	65196.0	0	 	0
7	8	131068.0	118080.0	118080.0	0	 	12988.0
7	9	55836.0	55836.0	55836.0	0	 	0
7	10	148464.0	148464.0	148464.0	0	 	0
7	11	38916.0	38916.0	39781.0	865.0	 	0
8	0	199188.0	199188.0	199188.0	0	 	0
8	1	90468.0	90468.0	90468.0	0	 	0
8	2	122076.0	122076.0	122076.0	0	 	0
8	3	186732.0	186732.0	186732.0	0	 	0
8	4	28872.0	28872.0	28872.0	0	 	0
8	5	182196.0	182196.0	182196.0	0	 	0
8	6	61992.0	61992.0	61992.0	0	 	0
8	7	4032.0	4032.0	4032.0	0	 	0
8	9	123120.0	123120.0	123120.0	0	 	0
8	10	22614.000000000033	21888.0	21888.0	0	 	726.0000000000327
8	11	26856.0	26856.0	26856.0	0	 	0
9	0	70452.0	70452.0	70452.0	0	 	0
9	1	163044.0	163044.0	163044.0	0	 	0
9	2	175950.00000000006	182988.0	175951.0	0.9999999999417923	 	0
9	3	32235.0	36216.0	36216.0	3981.0	 	0
9	4	202320.0	202320.0	202320.0	0	 	0
9	5	17424.0	17424.0	17424.0	0	 	0
9	6	123696.0	123696.0	123696.0	0	 	0
9	7	48312.0	48312.0	48312.0	0	 	0
9	8	215496.0	215496.0	215496.0	0	 	0
9	10	13746.0	12384.0	12384.0	0	 	1362.0
9	11	104616.0	104616.0	104616.0	0	 	0
10	0	58065.0	53820.0	58065.0	0	 	0
10	1	201168.0	201168.0	201168.0	0	 	0
10	2	168912.0	168912.0	168912.0	0	 	0
10	3	105576.0	101088.0	106787.0	1211.0	 	0
10	4	86760.0	86760.0	86760.0	0	 	0
10	5	99036.0	99036.0	99036.0	0	 	0
10	6	18684.0	18684.0	18684.0	0	 	0
10	7	74592.0	74592.0	74592.0	0	 	0
10	8	17892.0	17892.0	17892.0	0	 	0
10	9	209952.0	209952.0	209952.0	0	 	0
10	11	69948.0	69948.0	69948.0	0	 	0
11	0	25023.0	24516.0	25023.0	0	 	0
11	1	170928.0	170928.0	170928.0	0	 	0
11	2	73800.0	73800.0	78956.0	5156.0	 	0
11	3	94998.0	96012.0	96012.0	1014.0	 	0
11	4	22896.0	22896.0	22896.0	0	 	0
11	5	75060.0	75060.0	75060.0	0	 	0
11	6	33300.0	33300.0	33300.0	0	 	0
11	7	70236.0	70236.0	70236.0	0	 	0
11	8	210744.0	210744.0	210744.0	0	 	0
11	9	78192.0	78192.0	78192.0	0	 	0
11	10	87732.0	87732.0	87732.0	0	 	0

l	i	j	v Observado	v Estimado
0	0	1	144990.0	144990.0
2	0	1	144990.0	144990.0
1	0	2	111306.0	110252.0
0	0	3	60228.0	60178.0
2	0	3	60228.0	60178.0
1	2	4	71922.0	71922.0
0	3	4	102702.0	102702.0
2	3	4	102702.0	102702.0
1	1	5	178458.0	178458.0
0	2	5	89202.0	89202.0
2	2	5	89202.0	89202.0
1	5	6	91980.0	91980.0
0	5	7	185394.0	185394.0
2	5	7	185394.0	185394.0
0	10	8	144336.0	143324.0
1	10	8	144336.0	143324.0
2	10	8	144336.0	143324.0
0	11	9	201666.0	201417.0
1	11	9	201666.0	201417.0
2	11	9	201666.0	201417.0
1	10	9	140502.0	140502.0
0	1	0	65178.0	65178.0
2	1	0	65178.0	65178.0
1	1	2	35532.0	35532.0
0	1	3	63210.0	63210.0
2	1	3	63210.0	63210.0
1	1	11	231510.0	231510.0
0	3	10	223392.0	223392.0
2	3	10	223392.0	223392.0
1	2	0	83916.0	83125.0
0	2	1	104742.0	104742.0
2	2	1	104742.0	104742.0
1	2	3	65052.0	65052.0
0	4	6	62982.0	62601.0
2	4	6	62982.0	62601.0
1	4	8	167154.0	166507.0
0	3	0	112890.0	112890.0
2	3	0	112890.0	112890.0
1	3	1	91038.0	90215.0
0	3	2	80520.0	80520.0
2	3	2	80520.0	80520.0
1	3	5	90444.0	90444.0
0	4	3	151482.0	151482.0
2	4	3	151482.0	151482.0
1	4	2	135804.0	134631.0
0	4	5	61176.0	60353.0
1	4	5	61176.0	60353.0
2	4	5	61176.0	60353.0
0	6	7	108180.0	108180.0
2	6	7	108180.0	108180.0
1	8	9	124974.0	124974.0
0	8	10	191376.0	191376.0
2	8	10	191376.0	191376.0
1	5	3	260334.0	259087.0
0	5	2	127380.0	127380.0
2	5	2	127380.0	127380.0
1	5	4	51708.0	51708.0
0	6	8	101262.0	101262.0
2	6	8	101262.0	101262.0
1	7	9	109086.0	109086.0
0	6	5	245556.0	245556.0
2	6	5	245556.0	245556.0
1	6	4	58440.0	58136.0
0	9	11	124794.0	124794.0
2	9	11	124794.0	124794.0
0	10	0	207216.0	207216.0
1	10	0	207216.0	207216.0
2	10	0	207216.0	207216.0
1	7	5	237198.0	237198.0
0	7	6	62406.0	62406.0
2	7	6	62406.0	62406.0
1	8	4	221526.0	220353.0
0	9	10	83184.0	81138.0
2	9	10	83184.0	81138.0
1	8	7	74298.0	74298.0
0	10	3	168516.0	168516.0
2	10	3	168516.0	168516.0
1	8	6	88974.0	88974.0
0	10	11	61320.0	61320.0
2	10	11	61320.0	61320.0
1	11	0	48216.0	48216.0
0	11	1	182172.0	182172.0
2	11	1	182172.0	182172.0
1	9	8	225510.0	224337.0
0	9	7	78372.0	78372.0
2	9	7	78372.0	78372.0
1	11	10	99102.0	98933.0
