-----------------------------------------------------
-----     Resultados para Ejemplo Peque   -----
-----------------------------------------------------

Parametro Deficit (alfa): 1.0
Parametro Exceso (beta):  1.0
Parametro de probabilidades (epsilon): 0.0
CPU time: 0.639
p	q	g Estimada	g Exacta	g Referencia	Deficit	Exceso
0	1	22056.0	22056.0	22056.0	0	 	0
0	2	45434.0	40932.0	40932.0	0	 	4502.0
0	3	33596.0	35616.0	33596.0	0	 	0
0	4	45360.0	45360.0	45360.0	0	 	0
0	5	15120.0	15120.0	15120.0	0	 	0
0	6	56199.0	60024.0	56199.0	0	 	0
0	7	41820.0	41820.0	41820.0	0	 	0
0	8	53616.0	53616.0	53616.0	0	 	0
0	9	8316.0	8316.0	8316.0	0	 	0
0	10	73033.0	65796.0	65796.0	0	 	7237.0
0	11	68171.0	61416.0	61416.0	0	 	6755.0
1	0	56760.0	56760.0	56760.0	0	 	0
1	2	40479.0	36468.0	36468.0	0	 	4011.0
1	3	23136.0	23136.0	23136.0	0	 	0
1	4	17052.0	17052.0	17052.0	0	 	0
1	5	77655.0	69960.0	69960.0	0	 	7695.0
1	6	40479.0	36468.0	36468.0	0	 	4011.0
1	7	5796.0	5796.0	5796.0	0	 	0
1	8	14675.0	15828.0	15828.0	1153.0	 	0
1	9	54852.0	54852.0	54852.0	0	 	0
1	10	29988.0	29988.0	31206.0	1218.0	 	0
1	11	14625.0	13176.0	13176.0	0	 	1449.0
2	0	76190.0	68640.0	68640.0	0	 	7550.0
2	1	68772.0	68772.0	68772.0	0	 	0
2	3	9670.0	8712.0	8712.0	0	 	958.0
2	4	31275.0	28176.0	28176.0	0	 	3099.0
2	5	9972.0	9972.0	9972.0	0	 	0
2	6	36504.0	36504.0	36504.0	0	 	0
2	7	39041.0	39636.0	39636.0	595.0	 	0
2	8	3702.0	3336.0	3336.0	0	 	366.0
2	9	50498.0	55128.0	55128.0	4630.0	 	0
2	10	17220.0	17220.0	17220.0	0	 	0
2	11	42228.0	42228.0	42228.0	0	 	0
3	0	28500.0	28500.0	28500.0	0	 	0
3	1	77748.0	70044.0	70044.0	0	 	7704.0
3	2	52752.0	52752.0	52752.0	0	 	0
3	4	71328.0	71328.0	71328.0	0	 	0
3	5	66267.0	59700.0	59700.0	0	 	6567.0
3	6	7848.0	7848.0	7848.0	0	 	0
3	7	71088.0	71088.0	71088.0	0	 	0
3	8	19992.0	19992.0	19992.0	0	 	0
3	9	63924.0	63924.0	63924.0	0	 	0
3	10	60288.0	60288.0	60288.0	0	 	0
3	11	6348.0	6348.0	6348.0	0	 	0
4	0	1102.0	1104.0	1102.0	0	 	0
4	1	21276.0	21276.0	21276.0	0	 	0
4	2	41691.0	37560.0	37560.0	0	 	4131.0
4	3	16341.0	18360.0	18360.0	2019.0	 	0
4	5	12418.0	13080.0	12418.0	0	 	0
4	6	6050.0	6696.0	6050.0	0	 	0
4	7	54840.0	54840.0	54840.0	0	 	0
4	8	56010.0	50460.0	50460.0	0	 	5550.0
4	9	43891.0	37836.0	39542.0	0	 	4349.0
4	10	60000.0	60000.0	60000.0	0	 	0
4	11	25719.0	26064.0	26064.0	345.0	 	0
5	0	45880.0	47880.0	45880.0	0	 	0
5	1	40719.0	36684.0	36684.0	0	 	4035.0
5	2	66504.0	66504.0	66504.0	0	 	0
5	3	71355.0	64284.0	64284.0	0	 	7071.0
5	4	3063.0	2760.0	2760.0	0	 	303.0
5	6	52933.0	47688.0	47688.0	0	 	5245.0
5	7	14815.0	14220.0	14815.0	0	 	0
5	8	68170.0	63252.0	68171.0	1.0	 	0
5	9	26004.0	26004.0	26004.0	0	 	0
5	10	50592.0	50592.0	50592.0	0	 	0
5	11	47525.0	42816.0	42816.0	0	 	4709.0
6	0	40520.0	41268.0	41268.0	748.0	 	0
6	1	66972.0	66972.0	66972.0	0	 	0
6	2	53724.0	53724.0	53724.0	0	 	0
6	3	69926.0	65196.0	69927.0	1.0	 	0
6	4	61591.0	55488.0	55488.0	0	 	6103.0
6	5	16212.0	16212.0	16212.0	0	 	0
6	7	5952.0	5952.0	5952.0	0	 	0
6	8	44964.0	44964.0	44964.0	0	 	0
6	9	7044.0	7044.0	7044.0	0	 	0
6	10	64825.0	67284.0	67284.0	2459.0	 	0
6	11	57786.0	61020.0	57786.0	0	 	0
7	0	20712.0	20712.0	20712.0	0	 	0
7	1	51055.0	45996.0	45996.0	0	 	5059.0
7	2	68196.0	68196.0	68196.0	0	 	0
7	3	24681.0	22236.0	22236.0	0	 	2445.0
7	4	52092.0	52092.0	52092.0	0	 	0
7	5	23829.0	21468.0	21468.0	0	 	2361.0
7	6	19608.0	20280.0	20280.0	672.0	 	0
7	8	44435.0	40032.0	40032.0	0	 	4403.0
7	9	21525.0	19392.0	19392.0	0	 	2133.0
7	10	17150.0	16752.0	17151.0	1.0	 	0
7	11	53952.0	53952.0	53952.0	0	 	0
8	0	28347.0	29616.0	28347.0	0	 	0
8	1	52347.0	47160.0	47160.0	0	 	5187.0
8	2	35497.0	31980.0	31980.0	0	 	3517.0
8	3	56436.0	56436.0	56436.0	0	 	0
8	4	36576.0	32952.0	32952.0	0	 	3624.0
8	5	9624.0	9624.0	9624.0	0	 	0
8	6	32740.0	29496.0	29496.0	0	 	3244.0
8	7	47539.0	42828.0	42828.0	0	 	4711.0
8	9	40293.0	36300.0	36300.0	0	 	3993.0
8	10	32532.0	32532.0	32532.0	0	 	0
8	11	58860.0	58860.0	58860.0	0	 	0
9	0	11532.0	11532.0	11532.0	0	 	0
9	1	41436.0	41436.0	41436.0	0	 	0
9	2	9216.0	9216.0	9216.0	0	 	0
9	3	43457.0	43656.0	43656.0	199.0	 	0
9	4	59367.0	53484.0	53484.0	0	 	5883.0
9	5	19440.0	19440.0	19440.0	0	 	0
9	6	28152.0	26808.0	28152.0	0	 	0
9	7	40503.0	39876.0	40503.0	0	 	0
9	8	37109.0	33432.0	33432.0	0	 	3677.0
9	10	44052.0	44052.0	44052.0	0	 	0
9	11	19788.0	19788.0	19788.0	0	 	0
10	0	396.0	396.0	396.0	0	 	0
10	1	13332.0	13332.0	13332.0	0	 	0
10	2	48048.0	48048.0	48048.0	0	 	0
10	3	65103.0	70068.0	65103.0	0	 	0
10	4	41172.0	41172.0	41172.0	0	 	0
10	5	33264.0	33264.0	33264.0	0	 	0
10	6	31669.0	30516.0	31669.0	0	 	0
10	7	32916.0	32916.0	32916.0	0	 	0
10	8	26760.0	26760.0	26760.0	0	 	0
10	9	85279.0	70332.0	76828.0	0	 	8451.0
10	11	65412.0	65412.0	65412.0	0	 	0
11	0	8924.0	8040.0	8040.0	0	 	884.0
11	1	9672.0	9672.0	9672.0	0	 	0
11	2	59076.0	59076.0	59076.0	0	 	0
11	3	70116.0	70116.0	70116.0	0	 	0
11	4	53184.0	53184.0	53184.0	0	 	0
11	5	37332.0	37332.0	37332.0	0	 	0
11	6	17160.0	17160.0	17160.0	0	 	0
11	7	15717.0	17016.0	17016.0	1299.0	 	0
11	8	33588.0	33588.0	33588.0	0	 	0
11	9	69337.0	63408.0	69337.0	0	 	0
11	10	24482.0	22056.0	22056.0	0	 	2426.0

l	i	j	v Observado	v Estimado
0	0	1	138126.0	134301.0
0	0	3	93354.0	91334.0
0	3	4	137040.0	137040.0
0	2	5	75420.0	74825.0
0	5	7	225984.0	225984.0
0	10	8	260898.0	260898.0
0	11	9	211356.0	211356.0
0	1	0	111522.0	109369.0
0	1	3	46656.0	46656.0
0	3	10	238404.0	238404.0
0	2	1	145014.0	140384.0
0	4	6	56292.0	55646.0
0	3	0	97434.0	95685.0
0	3	2	76776.0	76776.0
0	4	3	146430.0	146430.0
0	4	5	51138.0	50476.0
0	6	7	67404.0	65787.0
0	8	10	246168.0	242639.0
0	5	2	161562.0	161562.0
0	6	8	147396.0	147396.0
0	6	5	219234.0	219234.0
0	9	11	180882.0	179265.0
0	10	0	91788.0	90519.0
0	7	6	59730.0	59730.0
0	9	10	106458.0	106458.0
0	10	3	254874.0	249710.0
0	10	11	101508.0	101508.0
0	11	1	124644.0	124644.0
0	9	7	106194.0	106194.0
