-----------------------------------------------------
-----     Resultados para Ejemplo Peque   -----
-----------------------------------------------------

Parametro Deficit (alfa): 1.0
Parametro Exceso (beta):  1.0
Parametro de probabilidades (epsilon): 0.0
CPU time: 3.376
p	q	g Estimada	g Exacta	g Referencia	Deficit	Exceso
0	1	100152.0	100152.0	100152.0	0	 	0
0	2	22176.0	22176.0	22176.0	0	 	0
0	3	111060.0	111060.0	111060.0	0	 	0
0	4	117936.0	117936.0	117936.0	0	 	0
0	5	104394.0	103032.0	104395.0	1.0	 	0
0	6	228960.0	228960.0	228960.0	0	 	0
0	7	34884.0	34884.0	34884.0	0	 	0
0	8	185112.0	185112.0	192332.0	7220.0	 	0
0	9	98742.0	102276.0	98740.0	0	 	2.0
0	10	164808.0	164808.0	164808.0	0	 	0
0	11	132480.0	132480.0	132480.0	0	 	0
0	12	42588.0	42588.0	42588.0	0	 	0
1	0	77040.0	77040.0	77040.0	0	 	0
1	2	15264.0	15264.0	15264.0	0	 	0
1	3	27432.0	27432.0	27432.0	0	 	0
1	4	1404.0	1404.0	1404.0	0	 	0
1	5	164664.0	164664.0	164664.0	0	 	0
1	6	228312.0	228312.0	228312.0	0	 	0
1	7	58500.0	58500.0	58500.0	0	 	0
1	8	197640.0	197640.0	197640.0	0	 	0
1	9	209844.0	209844.0	209844.0	0	 	0
1	10	159570.0	162072.0	159569.0	0	 	1.0
1	11	52452.0	52452.0	52452.0	0	 	0
1	12	220968.0	220968.0	220968.0	0	 	0
2	0	48831.0	43992.0	43992.0	0	 	4839.0
2	1	77112.0	77112.0	77112.0	0	 	0
2	3	152172.0	152172.0	152172.0	0	 	0
2	4	84240.0	84240.0	84240.0	0	 	0
2	5	8496.0	8496.0	8564.0	68.0	 	0
2	6	207252.0	207252.0	207252.0	0	 	0
2	7	46593.0	41976.0	41976.0	0	 	4617.0
2	8	115740.0	115740.0	115740.0	0	 	0
2	9	72828.0	72828.0	72828.0	0	 	0
2	10	14256.0	14256.0	14256.0	0	 	0
2	11	140220.0	140220.0	140220.0	0	 	0
2	12	58104.0	58104.0	58104.0	0	 	0
3	0	119700.0	119700.0	119700.0	0	 	0
3	1	132201.0	120564.0	132200.0	0	 	1.0
3	2	126963.0	117216.0	126963.0	0	 	0
3	4	20997.0	21564.0	20996.0	0	 	1.0
3	5	13968.0	13968.0	13968.0	0	 	0
3	6	144900.0	144900.0	144900.0	0	 	0
3	7	165708.0	165708.0	165708.0	0	 	0
3	8	150552.0	150552.0	150552.0	0	 	0
3	9	143379.0	147996.0	147996.0	4617.0	 	0
3	10	168408.0	168408.0	168408.0	0	 	0
3	11	168570.0	173700.0	173700.0	5130.0	 	0
3	12	18714.0	18828.0	18716.0	2.0	 	0
4	0	62352.0	62352.0	62352.0	0	 	0
4	1	118839.0	107316.0	110260.0	0	 	8579.0
4	2	207720.0	207720.0	207720.0	0	 	0
4	3	124935.0	122436.0	122436.0	0	 	2499.0
4	5	24984.0	24984.0	24984.0	0	 	0
4	6	138708.0	138708.0	138708.0	0	 	0
4	7	89640.0	89640.0	89640.0	0	 	0
4	8	87012.0	87012.0	87012.0	0	 	0
4	9	96084.0	96084.0	96084.0	0	 	0
4	10	176718.0	194400.0	176717.0	0	 	1.0
4	11	204300.0	204300.0	204300.0	0	 	0
4	12	218700.0	218700.0	218700.0	0	 	0
5	0	34803.0	31356.0	31356.0	0	 	3447.0
5	1	181110.0	204156.0	188587.0	7477.0	 	0
5	2	163497.0	159192.0	159192.0	0	 	4305.0
5	3	209775.0	198252.0	215992.0	6217.0	 	0
5	4	219696.0	219348.0	219695.0	0	 	1.0
5	6	122472.0	122472.0	122472.0	0	 	0
5	7	223308.0	223308.0	223308.0	0	 	0
5	8	82548.0	82548.0	82548.0	0	 	0
5	9	212688.0	212688.0	212688.0	0	 	0
5	10	5364.0	5364.0	5364.0	0	 	0
5	11	179208.0	179208.0	179208.0	0	 	0
5	12	177840.0	177840.0	177840.0	0	 	0
6	0	191640.0	201852.0	184897.0	0	 	6743.0
6	1	195588.0	195588.0	195588.0	0	 	0
6	2	49668.0	44748.0	44748.0	0	 	4920.0
6	3	147420.0	147420.0	147420.0	0	 	0
6	4	100368.0	100368.0	100368.0	0	 	0
6	5	94968.0	94968.0	94968.0	0	 	0
6	7	152640.0	152640.0	152640.0	0	 	0
6	8	90642.0	95652.0	90641.0	0	 	1.0
6	9	83190.0	91116.0	83188.0	0	 	2.0
6	10	189036.0	189036.0	189036.0	0	 	0
6	11	30996.0	30996.0	30996.0	0	 	0
6	12	12600.0	12600.0	12600.0	0	 	0
7	0	71208.0	64152.0	64152.0	0	 	7056.0
7	1	224100.0	224100.0	224100.0	0	 	0
7	2	121238.0	109224.0	109224.0	0	 	12014.0
7	3	139032.0	139032.0	139032.0	0	 	0
7	4	18396.0	18396.0	18396.0	0	 	0
7	5	19044.0	19044.0	19044.0	0	 	0
7	6	69084.0	69084.0	69084.0	0	 	0
7	8	201402.0	212832.0	201403.0	1.0	 	0
7	9	74325.0	66960.0	66960.0	0	 	7365.0
7	10	124452.0	124452.0	124452.0	0	 	0
7	11	154512.0	154512.0	154512.0	0	 	0
7	12	214560.0	214560.0	214560.0	0	 	0
8	0	180468.0	180468.0	180468.0	0	 	0
8	1	88596.0	88596.0	88596.0	0	 	0
8	2	164016.0	164016.0	164016.0	0	 	0
8	3	2772.0	2772.0	2772.0	0	 	0
8	4	208476.0	208476.0	208476.0	0	 	0
8	5	92268.0	92268.0	92268.0	0	 	0
8	6	120960.0	120960.0	120960.0	0	 	0
8	7	45540.0	45540.0	45540.0	0	 	0
8	9	35100.0	35100.0	35100.0	0	 	0
8	10	59076.0	59076.0	60630.0	1554.0	 	0
8	11	69264.0	69264.0	69264.0	0	 	0
8	12	161028.0	161028.0	161028.0	0	 	0
9	0	118476.0	118476.0	118476.0	0	 	0
9	1	93888.0	93888.0	93888.0	0	 	0
9	2	89424.0	89424.0	89424.0	0	 	0
9	3	171720.0	171720.0	171720.0	0	 	0
9	4	150480.0	151164.0	150477.0	0	 	3.0
9	5	150696.0	150696.0	150696.0	0	 	0
9	6	191664.0	191664.0	191664.0	0	 	0
9	7	25668.0	25668.0	25668.0	0	 	0
9	8	39276.0	39276.0	39276.0	0	 	0
9	10	57902.0	52164.0	52164.0	0	 	5738.0
9	11	142272.0	142272.0	142272.0	0	 	0
9	12	180756.0	180756.0	180756.0	0	 	0
10	0	40896.0	40896.0	40896.0	0	 	0
10	1	158436.0	158436.0	158436.0	0	 	0
10	2	88560.0	88560.0	88560.0	0	 	0
10	3	23292.0	23292.0	23292.0	0	 	0
10	4	197676.0	197676.0	197676.0	0	 	0
10	5	122436.0	122436.0	122436.0	0	 	0
10	6	123156.0	123156.0	123156.0	0	 	0
10	7	200412.0	200412.0	200412.0	0	 	0
10	8	153792.0	153792.0	153792.0	0	 	0
10	9	71532.0	71532.0	71532.0	0	 	0
10	11	34272.0	34272.0	34272.0	0	 	0
10	12	10296.0	10296.0	10296.0	0	 	0
11	0	154224.0	154224.0	154224.0	0	 	0
11	1	74304.0	74304.0	76573.0	2269.0	 	0
11	2	3060.0	3060.0	3060.0	0	 	0
11	3	96486.0	101484.0	101484.0	4998.0	 	0
11	4	82527.0	80028.0	82526.0	0	 	1.0
11	5	103032.0	103032.0	103032.0	0	 	0
11	6	54324.0	54324.0	54324.0	0	 	0
11	7	31500.0	31500.0	31500.0	0	 	0
11	8	131796.0	131796.0	131796.0	0	 	0
11	9	246872.0	222408.0	222408.0	0	 	24464.0
11	10	231948.0	231948.0	231948.0	0	 	0
11	12	98367.0	95868.0	95868.0	0	 	2499.0
12	0	30024.0	30024.0	30024.0	0	 	0
12	1	130464.0	130464.0	130464.0	0	 	0
12	2	180540.0	180540.0	180540.0	0	 	0
12	3	106107.0	103608.0	108672.0	2565.0	 	0
12	4	156960.0	156960.0	156960.0	0	 	0
12	5	161034.0	162396.0	162396.0	1362.0	 	0
12	6	151452.0	151452.0	151452.0	0	 	0
12	7	127980.0	127980.0	129840.0	1860.0	 	0
12	8	115596.0	115596.0	115596.0	0	 	0
12	9	75852.0	75852.0	75852.0	0	 	0
12	10	21298.0	19188.0	19188.0	0	 	2110.0
12	11	119952.0	119952.0	119952.0	0	 	0

l	i	j	v Observado	v Estimado
0	0	1	221958.0	221958.0
2	0	1	221958.0	221958.0
1	0	2	176772.0	176772.0
0	1	3	107010.0	107010.0
2	1	3	107010.0	107010.0
1	2	3	92406.0	92406.0
0	1	4	187668.0	187251.0
2	1	4	187668.0	187251.0
1	2	4	106320.0	106320.0
0	2	5	153294.0	153294.0
2	2	5	153294.0	153294.0
1	4	6	219300.0	219300.0
0	2	7	151536.0	151536.0
2	2	7	151536.0	151536.0
1	1	8	308982.0	308982.0
0	0	11	219102.0	216214.0
1	0	11	219102.0	216214.0
2	0	11	219102.0	216214.0
0	0	12	51348.0	51348.0
1	0	12	51348.0	51348.0
2	0	12	51348.0	51348.0
0	11	10	222792.0	222792.0
2	11	10	222792.0	222792.0
1	1	0	124920.0	124920.0
0	1	2	72372.0	72372.0
2	1	2	72372.0	72372.0
1	3	5	83868.0	83868.0
0	8	6	125694.0	125694.0
2	8	6	125694.0	125694.0
1	8	7	101046.0	101046.0
0	8	9	124392.0	123071.0
2	8	9	124392.0	123071.0
1	1	12	247938.0	247483.0
0	4	10	333894.0	327583.0
2	4	10	333894.0	327583.0
1	12	11	104028.0	104028.0
0	2	0	258450.0	258450.0
2	2	0	258450.0	258450.0
1	2	1	92028.0	92028.0
0	5	6	114168.0	114168.0
2	5	6	114168.0	114168.0
1	4	8	103158.0	103158.0
0	7	9	233514.0	233109.0
2	7	9	233514.0	233109.0
1	3	2	193872.0	193872.0
0	3	1	125532.0	125532.0
2	3	1	125532.0	125532.0
1	3	4	112566.0	112377.0
0	5	7	187890.0	187890.0
2	5	7	187890.0	187890.0
1	4	2	151428.0	151428.0
0	4	1	208518.0	208518.0
2	4	1	208518.0	208518.0
1	4	3	147762.0	147762.0
0	4	5	78018.0	78018.0
2	4	5	78018.0	78018.0
1	10	9	85902.0	85902.0
0	10	11	167952.0	167952.0
2	10	11	167952.0	167952.0
1	10	12	205788.0	205788.0
0	5	2	138258.0	138258.0
2	5	2	138258.0	138258.0
1	5	4	240810.0	237085.0
0	5	3	147852.0	147852.0
2	5	3	147852.0	147852.0
1	6	8	93426.0	90435.0
0	6	10	170700.0	170700.0
2	6	10	170700.0	170700.0
1	6	5	166752.0	164168.0
0	6	4	93690.0	93690.0
2	6	4	93690.0	93690.0
1	8	1	244638.0	244638.0
0	6	7	73524.0	73023.0
1	6	7	73524.0	73023.0
2	6	7	73524.0	73023.0
0	7	8	132102.0	128292.0
2	7	8	132102.0	128292.0
1	7	5	95130.0	95130.0
0	7	6	118356.0	118356.0
2	7	6	118356.0	118356.0
1	8	4	182790.0	182676.0
0	8	10	78816.0	78816.0
2	8	10	78816.0	78816.0
1	9	11	180090.0	180090.0
0	11	0	111120.0	111120.0
2	11	0	111120.0	111120.0
1	9	8	180732.0	180618.0
0	9	7	175158.0	175158.0
2	9	7	175158.0	175158.0
0	10	4	252870.0	252756.0
1	10	4	252870.0	252756.0
2	10	4	252870.0	252756.0
1	10	6	161994.0	161994.0
0	11	12	91380.0	91380.0
2	11	12	91380.0	91380.0
1	12	0	101046.0	100592.0
0	10	8	152304.0	152304.0
2	10	8	152304.0	152304.0
1	12	1	209244.0	209244.0
