-----------------------------------------------------
-----     Resultados para Ejemplo Peque   -----
-----------------------------------------------------

Parametro Deficit (alfa): 1.0
Parametro Exceso (beta):  1.0
Parametro de probabilidades (epsilon): 0.0
CPU time: 0.584
p	q	g Estimada	g Exacta	g Referencia	Deficit	Exceso
0	1	62652.0	62652.0	62652.0	0	 	0
0	2	55024.0	49572.0	49572.0	0	 	5452.0
0	3	14514.0	15576.0	14514.0	0	 	0
0	4	4596.0	4596.0	4596.0	0	 	0
0	5	53364.0	53364.0	53364.0	0	 	0
0	6	69024.0	69024.0	69024.0	0	 	0
0	7	46992.0	46992.0	46992.0	0	 	0
0	8	53280.0	53280.0	53280.0	0	 	0
0	9	34008.0	34008.0	34008.0	0	 	0
0	10	60120.0	60120.0	60120.0	0	 	0
0	11	43260.0	43260.0	43260.0	0	 	0
0	12	37162.0	33480.0	33480.0	0	 	3682.0
1	0	13999.0	12612.0	12612.0	0	 	1387.0
1	2	20220.0	20220.0	20220.0	0	 	0
1	3	972.0	972.0	972.0	0	 	0
1	4	10428.0	10428.0	10428.0	0	 	0
1	5	61308.0	61308.0	61308.0	0	 	0
1	6	8316.0	8316.0	8316.0	0	 	0
1	7	17652.0	17652.0	17652.0	0	 	0
1	8	84808.0	76404.0	76404.0	0	 	8404.0
1	9	39428.0	41172.0	39428.0	0	 	0
1	10	21624.0	22092.0	21623.0	0	 	1.0
1	11	13236.0	13236.0	13236.0	0	 	0
1	12	60472.0	54480.0	54480.0	0	 	5992.0
2	0	72983.0	70032.0	72983.0	0	 	0
2	1	35258.0	31764.0	31764.0	0	 	3494.0
2	3	53318.0	48420.0	48035.0	0	 	5283.0
2	4	49710.0	44784.0	44784.0	0	 	4926.0
2	5	73896.0	73896.0	73896.0	0	 	0
2	6	15720.0	15720.0	15720.0	0	 	0
2	7	43392.0	43392.0	43392.0	0	 	0
2	8	39880.0	35928.0	35928.0	0	 	3952.0
2	9	73188.0	73188.0	73188.0	0	 	0
2	10	12564.0	12564.0	12564.0	0	 	0
2	11	45312.0	45312.0	45312.0	0	 	0
2	12	40788.0	40788.0	40788.0	0	 	0
3	0	73788.0	73788.0	73788.0	0	 	0
3	1	71076.0	71076.0	71076.0	0	 	0
3	2	5616.0	5028.0	5060.0	0	 	556.0
3	4	66280.0	54780.0	59712.0	0	 	6568.0
3	5	20912.0	18840.0	18840.0	0	 	2072.0
3	6	6420.0	6420.0	6420.0	0	 	0
3	7	35832.0	35832.0	35832.0	0	 	0
3	8	47878.0	50352.0	47877.0	0	 	1.0
3	9	31428.0	31428.0	31428.0	0	 	0
3	10	46164.0	46164.0	46164.0	0	 	0
3	11	39228.0	39228.0	39228.0	0	 	0
3	12	36732.0	36732.0	36732.0	0	 	0
4	0	960.0	960.0	960.0	0	 	0
4	1	312.0	312.0	312.0	0	 	0
4	2	63163.0	56904.0	56904.0	0	 	6259.0
4	3	59047.0	53196.0	53196.0	0	 	5851.0
4	5	42948.0	42948.0	42948.0	0	 	0
4	6	79999.0	72072.0	72072.0	0	 	7927.0
4	7	56124.0	56124.0	56124.0	0	 	0
4	8	50109.0	45144.0	45144.0	0	 	4965.0
4	9	49872.0	49872.0	49872.0	0	 	0
4	10	23160.0	23160.0	23160.0	0	 	0
4	11	27311.0	28704.0	28704.0	1393.0	 	0
4	12	37956.0	37956.0	37956.0	0	 	0
5	0	52477.0	55428.0	55428.0	2951.0	 	0
5	1	9048.0	9048.0	9048.0	0	 	0
5	2	6036.0	6036.0	6036.0	0	 	0
5	3	57780.0	61500.0	57780.0	0	 	0
5	4	78787.0	70980.0	70980.0	0	 	7807.0
5	6	49224.0	49224.0	49224.0	0	 	0
5	7	53148.0	53148.0	53148.0	0	 	0
5	8	32088.0	32088.0	32088.0	0	 	0
5	9	16812.0	16812.0	16812.0	0	 	0
5	10	43844.0	46248.0	43844.0	0	 	0
5	11	28678.0	27456.0	28678.0	0	 	0
5	12	41460.0	41460.0	41460.0	0	 	0
6	0	58896.0	58896.0	58896.0	0	 	0
6	1	69012.0	69012.0	69012.0	0	 	0
6	2	2472.0	2472.0	2472.0	0	 	0
6	3	65556.0	65556.0	65556.0	0	 	0
6	4	15612.0	15612.0	15612.0	0	 	0
6	5	10602.0	9552.0	9552.0	0	 	1050.0
6	7	59928.0	59928.0	59928.0	0	 	0
6	8	27601.0	25392.0	24866.0	0	 	2735.0
6	9	64056.0	64056.0	64056.0	0	 	0
6	10	16032.0	16032.0	16032.0	0	 	0
6	11	32388.0	32388.0	32388.0	0	 	0
6	12	76200.0	76200.0	76200.0	0	 	0
7	0	64380.0	64380.0	64380.0	0	 	0
7	1	75600.0	75600.0	75600.0	0	 	0
7	2	44382.0	39984.0	39984.0	0	 	4398.0
7	3	46292.0	42408.0	46291.0	0	 	1.0
7	4	30852.0	30852.0	30852.0	0	 	0
7	5	14065.0	12672.0	12672.0	0	 	1393.0
7	6	48948.0	48948.0	48948.0	0	 	0
7	8	37020.0	37020.0	37020.0	0	 	0
7	9	4308.0	4308.0	4308.0	0	 	0
7	10	37836.0	37836.0	37850.0	14.0	 	0
7	11	9612.0	9612.0	9612.0	0	 	0
7	12	6132.0	6132.0	6132.0	0	 	0
8	0	74245.0	66888.0	66888.0	0	 	7357.0
8	1	58301.0	52524.0	52524.0	0	 	5777.0
8	2	20142.0	17100.0	18146.0	0	 	1996.0
8	3	12372.0	12372.0	12372.0	0	 	0
8	4	40772.0	36732.0	36732.0	0	 	4040.0
8	5	18444.0	18444.0	18444.0	0	 	0
8	6	72996.0	72996.0	72996.0	0	 	0
8	7	33778.0	29208.0	30431.0	0	 	3347.0
8	9	23880.0	23880.0	23880.0	0	 	0
8	10	76524.0	76524.0	76524.0	0	 	0
8	11	54612.0	54612.0	54612.0	0	 	0
8	12	19692.0	19692.0	19692.0	0	 	0
9	0	67836.0	67836.0	67836.0	0	 	0
9	1	51868.0	46728.0	46728.0	0	 	5140.0
9	2	42488.0	46464.0	42488.0	0	 	0
9	3	85168.0	76728.0	76728.0	0	 	8440.0
9	4	19764.0	19764.0	19764.0	0	 	0
9	5	28488.0	28488.0	28488.0	0	 	0
9	6	66528.0	66528.0	66528.0	0	 	0
9	7	27852.0	27852.0	27852.0	0	 	0
9	8	48631.0	43812.0	43812.0	0	 	4819.0
9	10	44129.0	39756.0	39756.0	0	 	4373.0
9	11	63797.0	62268.0	57475.0	0	 	6322.0
9	12	55380.0	55380.0	55380.0	0	 	0
10	0	76212.0	76212.0	76212.0	0	 	0
10	1	32772.0	32772.0	32772.0	0	 	0
10	2	50484.0	50484.0	50484.0	0	 	0
10	3	17184.0	17184.0	17184.0	0	 	0
10	4	48012.0	48012.0	48012.0	0	 	0
10	5	56784.0	56784.0	56784.0	0	 	0
10	6	35884.0	32328.0	32328.0	0	 	3556.0
10	7	55104.0	55104.0	55104.0	0	 	0
10	8	49476.0	49476.0	49476.0	0	 	0
10	9	36763.0	33120.0	33120.0	0	 	3643.0
10	11	32787.0	32616.0	32787.0	0	 	0
10	12	24004.0	22092.0	21626.0	0	 	2378.0
11	0	18072.0	18072.0	18072.0	0	 	0
11	1	44256.0	44256.0	44256.0	0	 	0
11	2	21516.0	21516.0	21516.0	0	 	0
11	3	29712.0	29712.0	29712.0	0	 	0
11	4	37308.0	37308.0	39118.0	1810.0	 	0
11	5	37392.0	37392.0	37392.0	0	 	0
11	6	25176.0	25176.0	25176.0	0	 	0
11	7	27012.0	27012.0	27012.0	0	 	0
11	8	5504.0	5904.0	5503.0	0	 	1.0
11	9	13225.0	11340.0	11915.0	0	 	1310.0
11	10	8628.0	8628.0	8628.0	0	 	0
11	12	11322.0	10200.0	10200.0	0	 	1122.0
12	0	69237.0	62376.0	62376.0	0	 	6861.0
12	1	83982.0	75660.0	75660.0	0	 	8322.0
12	2	27648.0	27648.0	27648.0	0	 	0
12	3	22884.0	22884.0	22884.0	0	 	0
12	4	56784.0	56784.0	56784.0	0	 	0
12	5	48948.0	48948.0	48948.0	0	 	0
12	6	24522.0	22092.0	22092.0	0	 	2430.0
12	7	1476.0	1476.0	1476.0	0	 	0
12	8	70380.0	70380.0	70380.0	0	 	0
12	9	49361.0	42888.0	44470.0	0	 	4891.0
12	10	31981.0	28812.0	28812.0	0	 	3169.0
12	11	17156.0	15456.0	15456.0	0	 	1700.0

l	i	j	v Observado	v Estimado
0	0	1	217170.0	216639.0
0	1	3	83340.0	82809.0
0	1	4	125346.0	125112.0
0	2	5	214722.0	214722.0
0	2	7	249804.0	249804.0
0	0	11	198486.0	198486.0
0	0	12	83934.0	87616.0
0	11	10	156372.0	156172.0
0	1	2	73524.0	73524.0
0	8	6	119640.0	119640.0
0	8	9	149322.0	147578.0
0	4	10	216132.0	214525.0
0	2	0	391044.0	391044.0
0	5	6	99462.0	98260.0
0	7	9	167376.0	167376.0
0	3	1	174402.0	173165.0
0	5	7	115938.0	115938.0
0	4	1	100260.0	100260.0
0	4	5	136794.0	136794.0
0	10	11	186576.0	186576.0
0	5	2	121596.0	118645.0
0	5	3	120006.0	118228.0
0	6	10	172794.0	171592.0
0	6	4	98322.0	98322.0
0	6	7	93192.0	93192.0
0	7	8	109164.0	109164.0
0	7	6	89424.0	89424.0
0	8	10	132594.0	132594.0
0	11	0	167658.0	167658.0
0	9	7	158844.0	154868.0
0	10	4	271902.0	271902.0
0	11	12	74874.0	75996.0
0	10	8	131556.0	131356.0
