-----------------------------------------------------
-----     Resultados para Ejemplo Peque   -----
-----------------------------------------------------

Parametro Deficit (alfa): 1.0
Parametro Exceso (beta):  1.0
Parametro de probabilidades (epsilon): 0.0
CPU time: 2.889
p	q	g Estimada	g Exacta	g Referencia	Deficit	Exceso
0	1	6744.0	6744.0	6744.0	0	 	0
0	2	36747.0	35916.0	33106.0	0	 	3641.0
0	3	23892.0	23892.0	23892.0	0	 	0
0	4	76128.0	76128.0	76128.0	0	 	0
0	5	81291.0	73236.0	73236.0	0	 	8055.0
0	6	94332.0	94332.0	94332.0	0	 	0
0	7	18564.0	18564.0	18564.0	0	 	0
0	8	69204.0	69204.0	69204.0	0	 	0
0	9	21806.0	20496.0	21805.0	0	 	1.0
0	10	2581.0	2280.0	2326.0	0	 	255.0
0	11	31860.0	31860.0	31860.0	0	 	0
0	12	64902.0	62400.0	66892.0	1990.0	 	0
0	13	17924.0	19788.0	19788.0	1864.0	 	0
0	14	101951.0	91848.0	91848.0	0	 	10103.0
0	15	21881.0	22200.0	22200.0	319.0	 	0
0	16	55309.0	55032.0	55032.0	0	 	277.0
1	0	20568.0	20568.0	20568.0	0	 	0
1	2	112247.0	101124.0	101124.0	0	 	11123.0
1	3	101107.0	100452.0	103000.0	1893.0	 	0
1	4	55424.0	49932.0	49932.0	0	 	5492.0
1	5	19872.0	19872.0	19872.0	0	 	0
1	6	70560.0	70560.0	70560.0	0	 	0
1	7	44502.0	40092.0	40092.0	0	 	4410.0
1	8	57396.0	57396.0	57396.0	0	 	0
1	9	42348.0	42348.0	42348.0	0	 	0
1	10	101856.0	101856.0	101856.0	0	 	0
1	11	59028.0	59028.0	59028.0	0	 	0
1	12	38496.0	38496.0	38496.0	0	 	0
1	13	39960.0	39960.0	39960.0	0	 	0
1	14	18216.0	18216.0	18216.0	0	 	0
1	15	22476.0	22476.0	22476.0	0	 	0
1	16	54792.0	54792.0	54792.0	0	 	0
2	0	30024.0	30024.0	30024.0	0	 	0
2	1	25507.0	22980.0	22980.0	0	 	2527.0
2	3	64056.0	64056.0	64056.0	0	 	0
2	4	79056.0	79056.0	79056.0	0	 	0
2	5	68518.0	61728.0	61728.0	0	 	6790.0
2	6	91872.0	91872.0	91872.0	0	 	0
2	7	19207.0	17304.0	17304.0	0	 	1903.0
2	8	82332.0	82332.0	82332.0	0	 	0
2	9	47196.0	47196.0	47196.0	0	 	0
2	10	12660.0	12660.0	12660.0	0	 	0
2	11	4741.0	4272.0	4272.0	0	 	469.0
2	12	108131.0	97416.0	97416.0	0	 	10715.0
2	13	68648.0	68988.0	68648.0	0	 	0
2	14	17004.0	17004.0	17004.0	0	 	0
2	15	66485.0	63564.0	59897.0	0	 	6588.0
2	16	88591.0	79812.0	79812.0	0	 	8779.0
3	0	18608.0	16764.0	16764.0	0	 	1844.0
3	1	1560.0	1560.0	1560.0	0	 	0
3	2	45687.0	41160.0	41160.0	0	 	4527.0
3	4	24012.0	24012.0	24012.0	0	 	0
3	5	73339.0	66072.0	66072.0	0	 	7267.0
3	6	43410.0	39420.0	39109.0	0	 	4301.0
3	7	49296.0	49296.0	49296.0	0	 	0
3	8	90612.0	90612.0	90612.0	0	 	0
3	9	19313.0	19968.0	19968.0	655.0	 	0
3	10	41328.0	41328.0	41328.0	0	 	0
3	11	2508.0	2508.0	2508.0	0	 	0
3	12	98967.0	89160.0	89160.0	0	 	9807.0
3	13	77052.0	77052.0	77052.0	0	 	0
3	14	45432.0	45432.0	45432.0	0	 	0
3	15	19908.0	19908.0	19908.0	0	 	0
3	16	40884.0	40884.0	40884.0	0	 	0
4	0	51780.0	51780.0	51780.0	0	 	0
4	1	648.0	648.0	648.0	0	 	0
4	2	87925.0	79212.0	79212.0	0	 	8713.0
4	3	104848.0	98532.0	94458.0	0	 	10390.0
4	5	3252.0	3252.0	3252.0	0	 	0
4	6	13848.0	13848.0	13848.0	0	 	0
4	7	56183.0	50616.0	50616.0	0	 	5567.0
4	8	4260.0	4260.0	4260.0	0	 	0
4	9	24840.0	24840.0	24840.0	0	 	0
4	10	28128.0	28128.0	28128.0	0	 	0
4	11	41376.0	41376.0	41376.0	0	 	0
4	12	91788.0	91788.0	91788.0	0	 	0
4	13	5661.0	5100.0	5100.0	0	 	561.0
4	14	70255.0	72528.0	72528.0	2273.0	 	0
4	15	85320.0	85320.0	85320.0	0	 	0
4	16	85762.0	91752.0	85762.0	0	 	0
5	0	42637.0	38412.0	38412.0	0	 	4225.0
5	1	77928.0	77928.0	77928.0	0	 	0
5	2	44841.0	40476.0	40398.0	0	 	4443.0
5	3	65316.0	65592.0	65316.0	0	 	0
5	4	47604.0	47604.0	51811.0	4207.0	 	0
5	6	102447.0	84888.0	92295.0	0	 	10152.0
5	7	22590.0	20352.0	20352.0	0	 	2238.0
5	8	40623.0	38568.0	38568.0	0	 	2055.0
5	9	70200.0	70200.0	70200.0	0	 	0
5	10	61308.0	61308.0	61942.0	634.0	 	0
5	11	95916.0	95916.0	95916.0	0	 	0
5	12	67958.0	61224.0	61224.0	0	 	6734.0
5	13	88054.0	88692.0	88692.0	638.0	 	0
5	14	45708.0	43032.0	45708.0	0	 	0
5	15	97648.0	87972.0	87972.0	0	 	9676.0
5	16	57714.0	61824.0	57713.0	0	 	1.0
6	0	11162.0	10056.0	10056.0	0	 	1106.0
6	1	22716.0	22716.0	22716.0	0	 	0
6	2	12228.0	12228.0	12228.0	0	 	0
6	3	109330.0	98496.0	98496.0	0	 	10834.0
6	4	15036.0	15036.0	15036.0	0	 	0
6	5	86820.0	86820.0	86820.0	0	 	0
6	7	65494.0	59004.0	59004.0	0	 	6490.0
6	8	32699.0	32568.0	32699.0	0	 	0
6	9	112633.0	101472.0	101472.0	0	 	11161.0
6	10	34584.0	34584.0	34584.0	0	 	0
6	11	26362.0	28776.0	26362.0	0	 	0
6	12	101520.0	101520.0	102493.0	973.0	 	0
6	13	42012.0	42012.0	42012.0	0	 	0
6	14	92496.0	92496.0	92496.0	0	 	0
6	15	75324.0	75324.0	75324.0	0	 	0
6	16	6204.0	6204.0	6204.0	0	 	0
7	0	80100.0	80100.0	80100.0	0	 	0
7	1	49596.0	49596.0	49596.0	0	 	0
7	2	3936.0	3936.0	3936.0	0	 	0
7	3	60048.0	60048.0	60048.0	0	 	0
7	4	96117.0	86592.0	86592.0	0	 	9525.0
7	5	5292.0	5292.0	5292.0	0	 	0
7	6	945.0	852.0	852.0	0	 	93.0
7	8	7253.0	7164.0	7253.0	0	 	0
7	9	3543.0	3192.0	3192.0	0	 	351.0
7	10	1896.0	1896.0	1896.0	0	 	0
7	11	97104.0	97104.0	97104.0	0	 	0
7	12	67482.0	61524.0	60795.0	0	 	6687.0
7	13	53146.0	47880.0	47880.0	0	 	5266.0
7	14	99096.0	99264.0	99264.0	168.0	 	0
7	15	3463.0	3120.0	3120.0	0	 	343.0
7	16	23910.0	25176.0	23910.0	0	 	0
8	0	38892.0	38892.0	38892.0	0	 	0
8	1	83640.0	83640.0	83640.0	0	 	0
8	2	76500.0	76500.0	76500.0	0	 	0
8	3	42492.0	42492.0	42492.0	0	 	0
8	4	13128.0	13128.0	13128.0	0	 	0
8	5	12444.0	12444.0	12444.0	0	 	0
8	6	34658.0	31224.0	31224.0	0	 	3434.0
8	7	45381.0	40884.0	40884.0	0	 	4497.0
8	9	93106.0	83880.0	83880.0	0	 	9226.0
8	10	99672.0	99672.0	99672.0	0	 	0
8	11	85687.0	77196.0	77196.0	0	 	8491.0
8	12	86952.0	78336.0	78336.0	0	 	8616.0
8	13	66192.0	66192.0	66192.0	0	 	0
8	14	99816.0	99816.0	99816.0	0	 	0
8	15	46948.0	50580.0	46948.0	0	 	0
8	16	87376.0	82872.0	82872.0	0	 	4504.0
9	0	89496.0	89496.0	89496.0	0	 	0
9	1	6316.0	6468.0	6315.0	0	 	1.0
9	2	27468.0	27468.0	27468.0	0	 	0
9	3	58308.0	58308.0	58308.0	0	 	0
9	4	18876.0	18876.0	18876.0	0	 	0
9	5	84708.0	84708.0	84708.0	0	 	0
9	6	41411.0	37308.0	37308.0	0	 	4103.0
9	7	20460.0	20460.0	20460.0	0	 	0
9	8	71784.0	71784.0	71784.0	0	 	0
9	10	97302.0	87660.0	87660.0	0	 	9642.0
9	11	43944.0	43944.0	43944.0	0	 	0
9	12	104335.0	93996.0	93996.0	0	 	10339.0
9	13	25032.0	25032.0	25032.0	0	 	0
9	14	53616.0	53616.0	53616.0	0	 	0
9	15	9960.0	9960.0	9960.0	0	 	0
9	16	101400.0	101400.0	101400.0	0	 	0
10	0	110196.0	99276.0	99276.0	0	 	10920.0
10	1	53844.0	53844.0	53844.0	0	 	0
10	2	39948.0	39948.0	39948.0	0	 	0
10	3	78900.0	78900.0	78900.0	0	 	0
10	4	38628.0	38628.0	38628.0	0	 	0
10	5	85354.0	76896.0	76896.0	0	 	8458.0
10	6	78672.0	78672.0	78672.0	0	 	0
10	7	73416.0	73416.0	73416.0	0	 	0
10	8	80679.0	72684.0	72684.0	0	 	7995.0
10	9	75216.0	75216.0	75216.0	0	 	0
10	11	60472.0	54480.0	54480.0	0	 	5992.0
10	12	47556.0	47556.0	47556.0	0	 	0
10	13	75300.0	75300.0	75300.0	0	 	0
10	14	51756.0	51756.0	51756.0	0	 	0
10	15	100392.0	100392.0	100392.0	0	 	0
10	16	64752.0	64752.0	64752.0	0	 	0
11	0	53892.0	53892.0	53892.0	0	 	0
11	1	84324.0	84324.0	84324.0	0	 	0
11	2	80119.0	72180.0	72180.0	0	 	7939.0
11	3	84120.0	84204.0	75784.0	0	 	8336.0
11	4	100524.0	100524.0	100524.0	0	 	0
11	5	28632.0	28632.0	28632.0	0	 	0
11	6	13068.0	13068.0	13068.0	0	 	0
11	7	13620.0	13620.0	13620.0	0	 	0
11	8	54204.0	54204.0	54204.0	0	 	0
11	9	17616.0	17616.0	17616.0	0	 	0
11	10	40104.0	40104.0	40104.0	0	 	0
11	12	12164.0	11736.0	10959.0	0	 	1205.0
11	13	41916.0	41916.0	41916.0	0	 	0
11	14	99020.0	89208.0	89208.0	0	 	9812.0
11	15	99900.0	99900.0	99900.0	0	 	0
11	16	89088.0	89088.0	89088.0	0	 	0
12	0	34050.0	36060.0	34049.0	0	 	1.0
12	1	97556.0	92460.0	97555.0	0	 	1.0
12	2	67492.0	60804.0	60804.0	0	 	6688.0
12	3	1140.0	1140.0	1172.0	32.0	 	0
12	4	73800.0	73800.0	73800.0	0	 	0
12	5	23124.0	23124.0	23124.0	0	 	0
12	6	22723.0	20472.0	20472.0	0	 	2251.0
12	7	83689.0	75396.0	75396.0	0	 	8293.0
12	8	7848.0	7848.0	7848.0	0	 	0
12	9	27744.0	27744.0	27744.0	0	 	0
12	10	88593.0	87588.0	87588.0	0	 	1005.0
12	11	103269.0	93036.0	93036.0	0	 	10233.0
12	13	78095.0	70356.0	70356.0	0	 	7739.0
12	14	40056.0	39972.0	40056.0	0	 	0
12	15	60092.0	62640.0	62640.0	2548.0	 	0
12	16	45324.0	45324.0	45324.0	0	 	0
13	0	18660.0	18660.0	18660.0	0	 	0
13	1	17952.0	17952.0	17952.0	0	 	0
13	2	42720.0	42720.0	42720.0	0	 	0
13	3	20664.0	20664.0	20664.0	0	 	0
13	4	45168.0	45168.0	45168.0	0	 	0
13	5	19560.0	19560.0	19560.0	0	 	0
13	6	97248.0	97248.0	97248.0	0	 	0
13	7	66636.0	66636.0	66636.0	0	 	0
13	8	64752.0	64752.0	64752.0	0	 	0
13	9	86856.0	86856.0	86856.0	0	 	0
13	10	60600.0	60600.0	60600.0	0	 	0
13	11	77194.0	81288.0	77194.0	0	 	0
13	12	52560.0	47352.0	47352.0	0	 	5208.0
13	14	16716.0	16716.0	16716.0	0	 	0
13	15	31568.0	28440.0	28440.0	0	 	3128.0
13	16	98124.0	98124.0	98124.0	0	 	0
14	0	32793.0	29544.0	29544.0	0	 	3249.0
14	1	88428.0	88428.0	88428.0	0	 	0
14	2	13534.0	12900.0	13533.0	0	 	1.0
14	3	58092.0	58092.0	58092.0	0	 	0
14	4	75636.0	75636.0	75636.0	0	 	0
14	5	71412.0	69300.0	64336.0	0	 	7076.0
14	6	43956.0	43956.0	43956.0	0	 	0
14	7	56886.0	57576.0	57576.0	690.0	 	0
14	8	51648.0	51648.0	51648.0	0	 	0
14	9	24360.0	24360.0	24360.0	0	 	0
14	10	98892.0	98892.0	98892.0	0	 	0
14	11	30564.0	30564.0	30564.0	0	 	0
14	12	799.0	720.0	720.0	0	 	79.0
14	13	31528.0	30864.0	31528.0	0	 	0
14	15	18221.0	16416.0	16416.0	0	 	1805.0
14	16	17222.0	15516.0	15516.0	0	 	1706.0
15	0	113140.0	101928.0	101928.0	0	 	11212.0
15	1	58235.0	52464.0	52464.0	0	 	5771.0
15	2	50863.0	51180.0	51180.0	317.0	 	0
15	3	24012.0	24012.0	24012.0	0	 	0
15	4	18012.0	18012.0	18012.0	0	 	0
15	5	14052.0	14052.0	14052.0	0	 	0
15	6	57924.0	57924.0	57924.0	0	 	0
15	7	86473.0	77904.0	77904.0	0	 	8569.0
15	8	3540.0	3540.0	3540.0	0	 	0
15	9	7452.0	7452.0	7452.0	0	 	0
15	10	33036.0	33960.0	33036.0	0	 	0
15	11	91452.0	91452.0	91452.0	0	 	0
15	12	10125.0	11376.0	11376.0	1251.0	 	0
15	13	53092.0	51528.0	53092.0	0	 	0
15	14	27117.0	29604.0	27117.0	0	 	0
15	16	82651.0	81360.0	74461.0	0	 	8190.0
16	0	57632.0	62064.0	57632.0	0	 	0
16	1	69960.0	69960.0	69960.0	0	 	0
16	2	70156.0	63204.0	63204.0	0	 	6952.0
16	3	26218.0	27528.0	27528.0	1310.0	 	0
16	4	26736.0	26736.0	26736.0	0	 	0
16	5	30072.0	30072.0	30072.0	0	 	0
16	6	84936.0	84936.0	84936.0	0	 	0
16	7	48786.0	48096.0	48785.0	0	 	1.0
16	8	4155.0	3744.0	3744.0	0	 	411.0
16	9	46247.0	41664.0	41664.0	0	 	4583.0
16	10	81900.0	81900.0	81900.0	0	 	0
16	11	41856.0	41856.0	41856.0	0	 	0
16	12	43056.0	43056.0	43056.0	0	 	0
16	13	74152.0	66804.0	66804.0	0	 	7348.0
16	14	85993.0	77472.0	77472.0	0	 	8521.0
16	15	37272.0	37272.0	37272.0	0	 	0

l	i	j	v Observado	v Estimado
0	0	1	98652.0	98652.0
0	0	3	88956.0	88956.0
0	2	4	226656.0	226656.0
0	0	6	222342.0	222342.0
0	0	15	110238.0	110238.0
0	0	16	109776.0	109776.0
0	6	8	160794.0	159718.0
0	3	9	122508.0	122508.0
0	0	11	82302.0	82302.0
0	15	12	116040.0	116040.0
0	15	13	178602.0	178602.0
0	1	0	170982.0	170982.0
0	1	3	147396.0	147396.0
0	1	6	187662.0	187662.0
0	1	16	200070.0	197075.0
0	1	15	114318.0	114318.0
0	2	0	44856.0	44856.0
0	2	3	133590.0	133590.0
0	5	8	158082.0	158082.0
0	5	10	119658.0	119658.0
0	5	14	336912.0	336912.0
0	3	1	74118.0	74118.0
0	3	4	98922.0	98922.0
0	3	11	162594.0	161387.0
0	11	13	213462.0	213462.0
0	4	5	163758.0	161485.0
0	4	1	152946.0	149951.0
0	4	6	28398.0	28398.0
0	7	10	33252.0	33252.0
0	5	4	181518.0	181518.0
0	6	1	131532.0	131456.0
0	5	3	178674.0	178398.0
0	14	13	153444.0	153444.0
0	8	16	228960.0	228960.0
0	6	5	156474.0	156474.0
0	7	2	62034.0	62034.0
0	6	4	67938.0	67938.0
0	6	12	122526.0	122526.0
0	9	16	197244.0	196535.0
0	7	5	124998.0	124914.0
0	7	8	70074.0	69530.0
0	9	11	177786.0	177786.0
0	12	14	164952.0	164952.0
0	8	10	152214.0	152214.0
0	16	1	237804.0	237073.0
0	8	5	142956.0	142956.0
0	9	3	119574.0	119574.0
0	10	13	120912.0	120912.0
0	16	15	108138.0	106667.0
0	11	0	126000.0	124995.0
0	9	7	61128.0	61128.0
0	9	8	114138.0	114138.0
0	12	15	213996.0	213996.0
0	10	12	143604.0	143604.0
0	10	9	186378.0	186378.0
0	10	7	149736.0	149736.0
0	11	10	61230.0	61230.0
0	12	5	47220.0	47220.0
0	11	9	112122.0	112122.0
0	11	8	116328.0	116328.0
0	13	16	174306.0	174306.0
0	12	10	158988.0	158988.0
0	12	9	87648.0	87648.0
0	13	14	35826.0	35826.0
0	13	11	254172.0	250078.0
0	13	7	213264.0	213264.0
0	13	10	200352.0	199890.0
0	15	2	66636.0	66636.0
0	14	11	152088.0	152088.0
0	15	14	82356.0	79869.0
0	16	0	195210.0	190123.0
