-----------------------------------------------------
-----     Resultados para Ejemplo Peque   -----
-----------------------------------------------------

Parametro Deficit (alfa): 1.0
Parametro Exceso (beta):  1.0
Parametro de probabilidades (epsilon): 0.0
CPU time: 0.006
p	q	g Estimada	g Exacta	g Referencia	Deficit	Exceso
0	1	2818.0	2818.0	2818.0	0	 	0
0	2	224.0	202.0	202.0	0	 	22.0
0	3	3678.0	3678.0	3678.0	0	 	0
1	0	1616.0	1456.0	1456.0	0	 	160.0
1	2	614.0	614.0	614.0	0	 	0
1	3	1887.0	1700.0	1700.0	0	 	187.0
2	0	1556.0	1556.0	1566.0	10.0	 	0
2	1	3586.0	3348.0	3231.0	0	 	355.0
2	3	2188.0	2188.0	2188.0	0	 	0
3	0	608.0	548.0	548.0	0	 	60.0
3	1	500.0	500.0	500.0	0	 	0
3	2	783.0	706.0	706.0	0	 	77.0

l	i	j	v Observado	v Estimado
0	0	1	2818.0	2818.0
0	0	3	3678.0	3678.0
0	1	2	614.0	614.0
0	2	0	1556.0	1556.0
0	2	3	2188.0	2188.0
0	3	1	500.0	500.0
