-----------------------------------------------------
-----     Resultados para Ejemplo Peque   -----
-----------------------------------------------------

Parametro Deficit (alfa): 1.0
Parametro Exceso (beta):  1.0
Parametro de probabilidades (epsilon): 0.0
CPU time: 0.008
p	q	g Estimada	g Exacta	g Referencia	Deficit	Exceso
0	1	3725.0	3356.0	3356.0	0	 	369.0
0	2	2612.0	2612.0	2612.0	0	 	0
0	3	8472.0	8472.0	8472.0	0	 	0
0	4	61.0	68.0	68.0	7.0	 	0
1	0	1260.0	1136.0	1136.0	0	 	124.0
1	2	11526.0	9580.0	10384.0	0	 	1142.0
1	3	3540.0	3540.0	3540.0	0	 	0
1	4	4007.0	4000.0	4016.0	9.0	 	0
2	0	6824.0	6824.0	6824.0	0	 	0
2	1	1141.0	1028.0	1028.0	0	 	113.0
2	3	9036.0	9036.0	9036.0	0	 	0
2	4	5855.0	6440.0	5855.0	0	 	0
3	0	7684.0	7684.0	7684.0	0	 	0
3	1	7872.0	7872.0	7872.0	0	 	0
3	2	972.0	876.0	876.0	0	 	96.0
3	4	5461.0	4920.0	4920.0	0	 	541.0
4	0	9356.0	9356.0	9356.0	0	 	0
4	1	6120.0	6120.0	6120.0	0	 	0
4	2	7143.0	6436.0	6436.0	0	 	707.0
4	3	7787.0	7016.0	7016.0	0	 	771.0

l	i	j	v Observado	v Estimado
0	0	1	14718.0	15087.0
0	0	3	11548.0	11548.0
0	0	4	4068.0	4068.0
0	2	3	20658.0	20073.0
0	3	0	15032.0	15032.0
0	4	0	15476.0	15476.0
