-----------------------------------------------------
-----     Resultados para Ejemplo Peque   -----
-----------------------------------------------------

Parametro Deficit (alfa): 1.0
Parametro Exceso (beta):  1.0
Parametro de probabilidades (epsilon): 0.0
CPU time: 0.028
p	q	g Estimada	g Exacta	g Referencia	Deficit	Exceso
0	1	8164.0	8164.0	8164.0	0	 	0
0	2	716.0	716.0	716.0	0	 	0
0	3	7704.0	7704.0	7704.0	0	 	0
0	4	5972.0	5972.0	5972.0	0	 	0
0	5	2819.0	2540.0	2540.0	0	 	279.0
1	0	11056.0	11056.0	11056.0	0	 	0
1	2	10012.0	9020.0	9020.0	0	 	992.0
1	3	10688.0	10688.0	10688.0	0	 	0
1	4	8012.0	8012.0	8012.0	0	 	0
1	5	3440.0	3440.0	3440.0	0	 	0
2	0	2160.0	2160.0	2160.0	0	 	0
2	1	10233.0	10124.0	11035.0	802.0	 	0
2	3	11366.0	10240.0	10240.0	0	 	1126.0
2	4	7472.0	7472.0	7472.0	0	 	0
2	5	6080.0	6080.0	6080.0	0	 	0
3	0	11366.0	10240.0	10240.0	0	 	1126.0
3	1	2598.0	2816.0	2597.0	0	 	1.0
3	2	8527.0	7784.0	7682.0	0	 	845.0
3	4	6024.0	6024.0	6024.0	0	 	0
3	5	12000.0	12000.0	12000.0	0	 	0
4	0	11152.0	11152.0	11152.0	0	 	0
4	1	3176.0	3176.0	3176.0	0	 	0
4	2	7361.0	6632.0	6632.0	0	 	729.0
4	3	9701.0	8740.0	8740.0	0	 	961.0
4	5	7192.0	6480.0	6480.0	0	 	712.0
5	0	200.0	224.0	224.0	24.0	 	0
5	1	4479.0	4888.0	4992.0	513.0	 	0
5	2	12522.0	11656.0	12521.0	0	 	1.0
5	3	3452.0	3452.0	3452.0	0	 	0
5	4	5341.0	4812.0	4812.0	0	 	529.0

l	i	j	v Observado	v Estimado
0	0	1	23822.0	23737.0
0	0	3	15132.0	15132.0
0	0	4	13984.0	13984.0
0	1	0	31972.0	31972.0
0	2	1	15652.0	15652.0
0	3	4	22536.0	22536.0
0	4	0	14328.0	14328.0
0	5	0	12666.0	12666.0
