-----------------------------------------------------
-----     Resultados para Ejemplo Peque   -----
-----------------------------------------------------

Parametro Deficit (alfa): 1.0
Parametro Exceso (beta):  1.0
Parametro de probabilidades (epsilon): 0.0
CPU time: 0.076
p	q	g Estimada	g Exacta	g Referencia	Deficit	Exceso
0	1	4956.0	4956.0	4956.0	0	 	0
0	2	13000.0	11712.0	11712.0	0	 	1288.0
0	3	13896.0	13896.0	13896.0	0	 	0
0	4	3366.0	3366.0	3366.0	0	 	0
0	5	2507.0	2238.0	2259.0	0	 	248.0
0	6	20307.0	20508.0	20508.0	201.0	 	0
0	7	18883.0	17640.0	19086.0	203.0	 	0
1	0	11226.0	11226.0	11226.0	0	 	0
1	2	20039.0	18054.0	18054.0	0	 	1985.0
1	3	7560.0	7560.0	7560.0	0	 	0
1	4	23316.0	23316.0	23316.0	0	 	0
1	5	7878.0	7878.0	7878.0	0	 	0
1	6	10549.0	9504.0	9504.0	0	 	1045.0
1	7	7450.0	8370.0	8370.0	920.0	 	0
2	0	22197.0	19998.0	19998.0	0	 	2199.0
2	1	16944.0	16944.0	16944.0	0	 	0
2	3	20478.0	20478.0	20478.0	0	 	0
2	4	90.0	90.0	90.0	0	 	0
2	5	6160.0	5550.0	5550.0	0	 	610.0
2	6	4674.0	4674.0	4674.0	0	 	0
2	7	22302.0	22302.0	22302.0	0	 	0
3	0	7080.0	7080.0	7080.0	0	 	0
3	1	1938.0	1938.0	1938.0	0	 	0
3	2	16038.0	16038.0	16038.0	0	 	0
3	4	19200.0	19200.0	19200.0	0	 	0
3	5	11964.0	11964.0	11964.0	0	 	0
3	6	22698.0	22698.0	22698.0	0	 	0
3	7	9678.0	8142.0	8719.0	0	 	959.0
4	0	15516.0	15516.0	15516.0	0	 	0
4	1	6246.0	6246.0	6246.0	0	 	0
4	2	2676.0	2676.0	2676.0	0	 	0
4	3	20730.0	20730.0	20730.0	0	 	0
4	5	15798.0	15798.0	15798.0	0	 	0
4	6	21114.0	21114.0	21114.0	0	 	0
4	7	10860.0	10860.0	10860.0	0	 	0
5	0	15970.0	14388.0	14388.0	0	 	1582.0
5	1	6.0	6.0	6.0	0	 	0
5	2	14403.0	12216.0	12976.0	0	 	1427.0
5	3	9228.0	9228.0	9228.0	0	 	0
5	4	11262.0	11262.0	11262.0	0	 	0
5	6	15531.0	13992.0	13992.0	0	 	1539.0
5	7	11588.0	13020.0	13020.0	1432.0	 	0
6	0	4272.0	4272.0	4272.0	0	 	0
6	1	3769.0	3396.0	3396.0	0	 	373.0
6	2	25521.0	22992.0	22992.0	0	 	2529.0
6	3	25020.0	23844.0	25348.0	328.0	 	0
6	4	13578.0	13578.0	13578.0	0	 	0
6	5	22652.0	19440.0	20408.0	0	 	2244.0
6	7	20154.0	20154.0	20154.0	0	 	0
7	0	16736.0	15078.0	15078.0	0	 	1658.0
7	1	1952.0	1818.0	1952.0	0	 	0
7	2	6084.0	6084.0	6084.0	0	 	0
7	3	22862.0	22512.0	20597.0	0	 	2265.0
7	4	23388.0	23388.0	23388.0	0	 	0
7	5	8604.0	8604.0	8604.0	0	 	0
7	6	16284.0	16284.0	16284.0	0	 	0

l	i	j	v Observado	v Estimado
0	0	1	12704.0	12704.0
0	0	7	53270.0	53270.0
0	2	3	57885.0	57885.0
0	5	4	49092.0	49092.0
0	7	6	51029.0	51029.0
0	1	0	32432.0	31972.0
0	3	4	66300.0	66300.0
0	6	7	56117.0	56117.0
0	2	1	26679.0	26679.0
0	3	2	30357.0	30357.0
0	4	5	67515.0	67515.0
0	4	3	46617.0	46617.0
