-----------------------------------------------------
-----     Resultados para Ejemplo Peque   -----
-----------------------------------------------------

Parametro Deficit (alfa): 1.0
Parametro Exceso (beta):  1.0
Parametro de probabilidades (epsilon): 0.0
CPU time: 0.16
p	q	g Estimada	g Exacta	g Referencia	Deficit	Exceso
0	1	1931.0	1740.0	1740.0	0	 	191.0
0	2	8253.0	7436.0	7436.0	0	 	817.0
0	3	3846.0	4200.0	4200.0	354.0	 	0
0	4	3458.0	3116.0	3116.0	0	 	342.0
0	5	13780.0	13780.0	13780.0	0	 	0
0	6	9536.0	8708.0	9536.0	0	 	0
0	7	2344.0	2112.0	2112.0	0	 	232.0
0	8	15012.0	14560.0	13525.0	0	 	1487.0
1	0	11663.0	10508.0	10508.0	0	 	1155.0
1	2	7874.0	6868.0	7094.0	0	 	780.0
1	3	1290.0	1180.0	1291.0	1.0	 	0
1	4	12272.0	11056.0	11056.0	0	 	1216.0
1	5	2696.0	2696.0	2696.0	0	 	0
1	6	17151.0	15452.0	15452.0	0	 	1699.0
1	7	16160.0	16160.0	16160.0	0	 	0
1	8	11535.0	10392.0	10392.0	0	 	1143.0
2	0	15016.0	13528.0	13528.0	0	 	1488.0
2	1	4750.0	4280.0	4280.0	0	 	470.0
2	3	6484.0	6484.0	6484.0	0	 	0
2	4	8900.0	8192.0	8899.0	0	 	1.0
2	5	14724.0	14804.0	14724.0	0	 	0
2	6	14074.0	12680.0	12680.0	0	 	1394.0
2	7	10104.0	10104.0	10104.0	0	 	0
2	8	1078.0	972.0	972.0	0	 	106.0
3	0	13420.0	13420.0	13420.0	0	 	0
3	1	2384.0	2632.0	2384.0	0	 	0
3	2	1996.0	1996.0	1996.0	0	 	0
3	4	11317.0	10196.0	10196.0	0	 	1121.0
3	5	4256.0	4256.0	4256.0	0	 	0
3	6	10274.0	9256.0	9256.0	0	 	1018.0
3	7	8320.0	7496.0	7496.0	0	 	824.0
3	8	3720.0	3720.0	3720.0	0	 	0
4	0	19948.0	17972.0	17972.0	0	 	1976.0
4	1	1136.0	1024.0	1024.0	0	 	112.0
4	2	11552.0	11552.0	11552.0	0	 	0
4	3	4428.0	4428.0	4428.0	0	 	0
4	5	3016.0	3016.0	3016.0	0	 	0
4	6	4373.0	3940.0	3940.0	0	 	433.0
4	7	10447.0	9412.0	9412.0	0	 	1035.0
4	8	7132.0	6804.0	7131.0	0	 	1.0
5	0	7170.0	6460.0	6460.0	0	 	710.0
5	1	16934.0	15256.0	15256.0	0	 	1678.0
5	2	9276.0	9276.0	9276.0	0	 	0
5	3	5936.0	5936.0	5936.0	0	 	0
5	4	8036.0	7240.0	7240.0	0	 	796.0
5	6	17616.0	17616.0	17616.0	0	 	0
5	7	16840.0	16840.0	16840.0	0	 	0
5	8	15028.0	15028.0	15028.0	0	 	0
6	0	17044.0	17044.0	17044.0	0	 	0
6	1	2980.0	2980.0	2980.0	0	 	0
6	2	5636.0	5636.0	5636.0	0	 	0
6	3	1484.0	1484.0	1484.0	0	 	0
6	4	5128.0	5128.0	5128.0	0	 	0
6	5	18017.0	16232.0	16232.0	0	 	1785.0
6	7	18741.0	16884.0	16884.0	0	 	1857.0
6	8	8249.0	7432.0	7432.0	0	 	817.0
7	0	7021.0	6616.0	6326.0	0	 	695.0
7	1	5156.0	5156.0	5156.0	0	 	0
7	2	3228.0	3228.0	3228.0	0	 	0
7	3	14096.0	14096.0	14096.0	0	 	0
7	4	13335.0	14484.0	13335.0	0	 	0
7	5	11841.0	11276.0	11276.0	0	 	565.0
7	6	8776.0	8776.0	8776.0	0	 	0
7	8	18470.0	16640.0	16640.0	0	 	1830.0
8	0	13741.0	12380.0	12380.0	0	 	1361.0
8	1	14696.0	13240.0	13240.0	0	 	1456.0
8	2	9696.0	9696.0	9696.0	0	 	0
8	3	15306.0	15416.0	15416.0	110.0	 	0
8	4	12564.0	12564.0	12564.0	0	 	0
8	5	4281.0	4056.0	4281.0	0	 	0
8	6	10744.0	10744.0	10744.0	0	 	0
8	7	14523.0	13084.0	13084.0	0	 	1439.0

l	i	j	v Observado	v Estimado
0	0	1	75744.0	78555.0
0	2	3	28130.0	28130.0
0	4	5	38552.0	38472.0
0	0	8	50784.0	53295.0
0	7	6	85968.0	85968.0
0	4	3	56544.0	56544.0
0	2	1	72008.0	75616.0
0	3	2	40894.0	40770.0
0	7	8	63692.0	66908.0
0	5	6	49484.0	49484.0
0	6	4	70512.0	69308.0
