-----------------------------------------------------
-----     Resultados para Ejemplo Peque   -----
-----------------------------------------------------

Parametro Deficit (alfa): 1.0
Parametro Exceso (beta):  1.0
Parametro de probabilidades (epsilon): 0.0
CPU time: 0.06
p	q	g Estimada	g Exacta	g Referencia	Deficit	Exceso
0	1	367968.0	367968.0	367968.0	0	 	0
0	2	241296.0	241296.0	241296.0	0	 	0
0	3	45648.0	45648.0	45648.0	0	 	0
0	4	3408.0	3408.0	3408.0	0	 	0
0	5	110080.0	108432.0	108432.0	0	 	1648.0
0	6	392592.0	392592.0	392592.0	0	 	0
0	7	432.0	432.0	432.0	0	 	0
0	8	181632.0	181632.0	181632.0	0	 	0
0	9	201312.0	201312.0	201312.0	0	 	0
0	10	371664.0	371664.0	371664.0	0	 	0
0	11	324960.0	324960.0	324960.0	0	 	0
0	12	329472.0	329472.0	329472.0	0	 	0
0	13	271872.0	271872.0	271872.0	0	 	0
0	14	341376.0	341376.0	358230.0	16854.0	 	0
0	15	294096.0	294096.0	294096.0	0	 	0
0	16	100320.0	100320.0	100320.0	0	 	0
1	0	303648.0	303648.0	303648.0	0	 	0
1	2	258960.0	258960.0	258960.0	0	 	0
1	3	128844.0	127584.0	127584.0	0	 	1260.0
1	4	349392.0	349392.0	349392.0	0	 	0
1	5	255360.0	255360.0	255360.0	0	 	0
1	6	205632.0	205632.0	205632.0	0	 	0
1	7	181824.0	181824.0	181824.0	0	 	0
1	8	406032.0	406032.0	406032.0	0	 	0
1	9	192792.0	195312.0	192789.0	0	 	3.0
1	10	187968.0	187968.0	187968.0	0	 	0
1	11	208752.0	208752.0	208752.0	0	 	0
1	12	189504.0	189504.0	203123.0	13619.0	 	0
1	13	176640.0	176640.0	176640.0	0	 	0
1	14	4464.0	4464.0	4464.0	0	 	0
1	15	165984.0	165984.0	165984.0	0	 	0
1	16	92172.0	90912.0	90912.0	0	 	1260.0
2	0	212448.0	212448.0	212448.0	0	 	0
2	1	217448.0	208464.0	208464.0	0	 	8984.0
2	3	19824.0	19824.0	19824.0	0	 	0
2	4	358704.0	358704.0	331360.0	0	 	27344.0
2	5	145008.0	145008.0	145008.0	0	 	0
2	6	17664.0	17664.0	19249.0	1585.0	 	0
2	7	252048.0	252048.0	252048.0	0	 	0
2	8	210912.0	210912.0	231217.0	20305.0	 	0
2	9	405888.0	405888.0	405888.0	0	 	0
2	10	92064.0	92064.0	92064.0	0	 	0
2	11	292848.0	292848.0	292848.0	0	 	0
2	12	11596.0	10128.0	10865.0	0	 	731.0
2	13	351504.0	351504.0	351504.0	0	 	0
2	14	345504.0	345504.0	345504.0	0	 	0
2	15	239664.0	239664.0	239664.0	0	 	0
2	16	85728.0	85728.0	85728.0	0	 	0
3	0	139632.0	139632.0	139632.0	0	 	0
3	1	123752.0	114768.0	114768.0	0	 	8984.0
3	2	372124.0	370656.0	370656.0	0	 	1468.0
3	4	81168.0	81168.0	81168.0	0	 	0
3	5	18556.0	17088.0	17088.0	0	 	1468.0
3	6	182496.0	182496.0	182496.0	0	 	0
3	7	367200.0	367200.0	367200.0	0	 	0
3	8	95520.0	95520.0	95520.0	0	 	0
3	9	284200.0	282720.0	282720.0	0	 	1480.0
3	10	254640.0	254640.0	254640.0	0	 	0
3	11	94404.0	88368.0	88368.0	0	 	6036.0
3	12	197848.0	200784.0	185291.0	0	 	12557.0
3	13	71340.0	77376.0	71339.0	0	 	1.0
3	14	325872.0	325872.0	325872.0	0	 	0
3	15	2832.0	2832.0	2832.0	0	 	0
3	16	30624.0	30624.0	30624.0	0	 	0
4	0	29040.0	29040.0	29040.0	0	 	0
4	1	131136.0	131136.0	131136.0	0	 	0
4	2	3744.0	3744.0	3744.0	0	 	0
4	3	120336.0	120336.0	120336.0	0	 	0
4	5	157920.0	157920.0	157920.0	0	 	0
4	6	329616.0	329616.0	329616.0	0	 	0
4	7	348864.0	348864.0	321948.0	0	 	26916.0
4	8	264384.0	264384.0	264384.0	0	 	0
4	9	353184.0	353184.0	353184.0	0	 	0
4	10	204048.0	204048.0	204048.0	0	 	0
4	11	297072.0	297072.0	297072.0	0	 	0
4	12	404736.0	404736.0	404736.0	0	 	0
4	13	343536.0	343536.0	343536.0	0	 	0
4	14	360624.0	360624.0	360624.0	0	 	0
4	15	273792.0	273792.0	273792.0	0	 	0
4	16	394368.0	394368.0	394368.0	0	 	0
5	0	332016.0	332016.0	332016.0	0	 	0
5	1	239952.0	239952.0	239952.0	0	 	0
5	2	187344.0	187344.0	187344.0	0	 	0
5	3	205996.0	205776.0	205995.0	0	 	1.0
5	4	366336.0	366336.0	366336.0	0	 	0
5	6	41260.0	41040.0	43240.0	1980.0	 	0
5	7	350304.0	350304.0	350304.0	0	 	0
5	8	232992.0	232992.0	232992.0	0	 	0
5	9	159496.0	159936.0	159936.0	440.0	 	0
5	10	157728.0	157728.0	157728.0	0	 	0
5	11	93552.0	93552.0	93552.0	0	 	0
5	12	132124.0	130656.0	119033.0	0	 	13091.0
5	13	249072.0	249072.0	249072.0	0	 	0
5	14	238656.0	238656.0	238656.0	0	 	0
5	15	155184.0	155184.0	155184.0	0	 	0
5	16	208800.0	208800.0	208800.0	0	 	0
6	0	295680.0	295680.0	277420.0	0	 	18260.0
6	1	51984.0	51984.0	51984.0	0	 	0
6	2	155280.0	155280.0	155280.0	0	 	0
6	3	399744.0	399744.0	399744.0	0	 	0
6	4	403152.0	403152.0	403152.0	0	 	0
6	5	176736.0	176736.0	176736.0	0	 	0
6	7	185136.0	185136.0	185136.0	0	 	0
6	8	381264.0	381264.0	381264.0	0	 	0
6	9	208636.0	208416.0	208416.0	0	 	220.0
6	10	328176.0	328176.0	328176.0	0	 	0
6	11	392736.0	392736.0	392736.0	0	 	0
6	12	17616.0	17616.0	17616.0	0	 	0
6	13	316800.0	316800.0	316800.0	0	 	0
6	14	206064.0	206064.0	206064.0	0	 	0
6	15	61200.0	61200.0	61200.0	0	 	0
6	16	112464.0	112464.0	112464.0	0	 	0
7	0	371952.0	371952.0	371952.0	0	 	0
7	1	66480.0	66480.0	66480.0	0	 	0
7	2	85968.0	85968.0	85968.0	0	 	0
7	3	125136.0	125136.0	134003.0	8867.0	 	0
7	4	377424.0	377424.0	377424.0	0	 	0
7	5	29232.0	29232.0	29232.0	0	 	0
7	6	24528.0	24528.0	24528.0	0	 	0
7	8	10944.0	10944.0	10944.0	0	 	0
7	9	142992.0	142992.0	142992.0	0	 	0
7	10	352128.0	352128.0	352128.0	0	 	0
7	11	276288.0	276288.0	276288.0	0	 	0
7	12	231408.0	231408.0	231140.0	0	 	268.0
7	13	67680.0	67680.0	67680.0	0	 	0
7	14	319296.0	319296.0	319296.0	0	 	0
7	15	204720.0	204720.0	204720.0	0	 	0
7	16	381024.0	381024.0	381024.0	0	 	0
8	0	97632.0	97632.0	97632.0	0	 	0
8	1	379248.0	379248.0	379248.0	0	 	0
8	2	361056.0	361056.0	361056.0	0	 	0
8	3	720.0	720.0	720.0	0	 	0
8	4	14976.0	14976.0	14976.0	0	 	0
8	5	282096.0	282096.0	282096.0	0	 	0
8	6	299712.0	299712.0	272527.0	0	 	27185.0
8	7	168144.0	168144.0	168144.0	0	 	0
8	9	97344.0	97344.0	97344.0	0	 	0
8	10	307056.0	307056.0	284978.0	0	 	22078.0
8	11	364704.0	364704.0	364704.0	0	 	0
8	12	32112.0	32112.0	32112.0	0	 	0
8	13	284832.0	284832.0	284832.0	0	 	0
8	14	78624.0	78624.0	78624.0	0	 	0
8	15	298416.0	298416.0	298416.0	0	 	0
8	16	26352.0	26352.0	26352.0	0	 	0
9	0	267600.0	267600.0	267600.0	0	 	0
9	1	248976.0	248976.0	248656.0	0	 	320.0
9	2	294624.0	294624.0	294624.0	0	 	0
9	3	230112.0	230112.0	230112.0	0	 	0
9	4	24240.0	24240.0	24240.0	0	 	0
9	5	321072.0	321072.0	321072.0	0	 	0
9	6	156912.0	156912.0	156912.0	0	 	0
9	7	365856.0	365856.0	365856.0	0	 	0
9	8	150336.0	150336.0	150336.0	0	 	0
9	10	331392.0	331392.0	331392.0	0	 	0
9	11	289012.0	288048.0	288048.0	0	 	964.0
9	12	104596.0	103632.0	99677.0	0	 	4919.0
9	13	326880.0	326880.0	326880.0	0	 	0
9	14	52504.0	54432.0	52505.0	1.0	 	0
9	15	344448.0	344448.0	344448.0	0	 	0
9	16	71232.0	71232.0	68331.0	0	 	2901.0
10	0	54720.0	54720.0	54720.0	0	 	0
10	1	199104.0	199104.0	208982.0	9878.0	 	0
10	2	52512.0	52512.0	52512.0	0	 	0
10	3	199776.0	199776.0	199776.0	0	 	0
10	4	390096.0	390096.0	390096.0	0	 	0
10	5	291696.0	291696.0	291696.0	0	 	0
10	6	294048.0	294048.0	294048.0	0	 	0
10	7	53856.0	53856.0	53856.0	0	 	0
10	8	162288.0	162288.0	162288.0	0	 	0
10	9	330336.0	330336.0	333612.0	3276.0	 	0
10	11	182304.0	182304.0	182304.0	0	 	0
10	12	104688.0	104688.0	104688.0	0	 	0
10	13	403200.0	403200.0	403200.0	0	 	0
10	14	17664.0	17664.0	17664.0	0	 	0
10	15	40944.0	40944.0	40944.0	0	 	0
10	16	140688.0	140688.0	140688.0	0	 	0
11	0	286464.0	286464.0	286464.0	0	 	0
11	1	373280.0	391248.0	373280.0	0	 	0
11	2	103208.0	94224.0	94224.0	0	 	8984.0
11	3	308648.0	299664.0	299664.0	0	 	8984.0
11	4	36288.0	36288.0	36288.0	0	 	0
11	5	130080.0	130080.0	130080.0	0	 	0
11	6	3024.0	3024.0	3024.0	0	 	0
11	7	301296.0	301296.0	301296.0	0	 	0
11	8	32016.0	32016.0	32016.0	0	 	0
11	9	61872.0	61872.0	61872.0	0	 	0
11	10	218016.0	218016.0	218016.0	0	 	0
11	12	363072.0	363072.0	363072.0	0	 	0
11	13	171012.0	164976.0	164976.0	0	 	6036.0
11	14	318100.0	317136.0	317136.0	0	 	964.0
11	15	23376.0	23376.0	23376.0	0	 	0
11	16	92256.0	92256.0	92256.0	0	 	0
12	0	26400.0	26400.0	26400.0	0	 	0
12	1	329760.0	329760.0	329760.0	0	 	0
12	2	308688.0	308688.0	308688.0	0	 	0
12	3	189744.0	189744.0	189744.0	0	 	0
12	4	163776.0	163776.0	163776.0	0	 	0
12	5	204096.0	204096.0	214157.0	10061.0	 	0
12	6	109584.0	109584.0	109584.0	0	 	0
12	7	222288.0	222288.0	222288.0	0	 	0
12	8	122352.0	122352.0	122352.0	0	 	0
12	9	134648.0	133728.0	133728.0	0	 	920.0
12	10	367872.0	367872.0	367872.0	0	 	0
12	11	34464.0	34464.0	34464.0	0	 	0
12	13	207216.0	207984.0	189301.0	0	 	17915.0
12	14	113428.0	113232.0	113232.0	0	 	196.0
12	15	205968.0	205968.0	205968.0	0	 	0
12	16	16752.0	15216.0	15216.0	0	 	1536.0
13	0	285936.0	285936.0	285936.0	0	 	0
13	1	283392.0	283392.0	283392.0	0	 	0
13	2	159216.0	159216.0	159216.0	0	 	0
13	3	207120.0	207120.0	207120.0	0	 	0
13	4	249072.0	249072.0	249072.0	0	 	0
13	5	134016.0	134016.0	134016.0	0	 	0
13	6	108000.0	108000.0	108000.0	0	 	0
13	7	347568.0	347568.0	313263.0	0	 	34305.0
13	8	154752.0	154752.0	154752.0	0	 	0
13	9	361200.0	361200.0	361200.0	0	 	0
13	10	11952.0	11952.0	11952.0	0	 	0
13	11	303216.0	303216.0	303216.0	0	 	0
13	12	144192.0	144192.0	144192.0	0	 	0
13	14	75024.0	75024.0	75024.0	0	 	0
13	15	330720.0	330720.0	330720.0	0	 	0
13	16	232848.0	233616.0	232761.0	0	 	87.0
14	0	395088.0	395088.0	395088.0	0	 	0
14	1	116208.0	117744.0	116208.0	0	 	0
14	2	60624.0	60624.0	60624.0	0	 	0
14	3	202464.0	202464.0	202464.0	0	 	0
14	4	93072.0	93072.0	93072.0	0	 	0
14	5	347824.0	346176.0	346176.0	0	 	1648.0
14	6	153072.0	153072.0	153072.0	0	 	0
14	7	217440.0	217440.0	217440.0	0	 	0
14	8	91056.0	91056.0	99905.0	8849.0	 	0
14	9	203808.0	203808.0	203808.0	0	 	0
14	10	404928.0	404928.0	404928.0	0	 	0
14	11	320256.0	320256.0	320256.0	0	 	0
14	12	194224.0	189024.0	183322.0	0	 	10902.0
14	13	202848.0	202848.0	202848.0	0	 	0
14	15	279360.0	278592.0	261998.0	0	 	17362.0
14	16	282384.0	282384.0	282384.0	0	 	0
15	0	36544.0	34896.0	32926.0	0	 	3618.0
15	1	243600.0	242832.0	254155.0	10555.0	 	0
15	2	217152.0	217152.0	217152.0	0	 	0
15	3	253344.0	253344.0	253344.0	0	 	0
15	4	4512.0	4512.0	4512.0	0	 	0
15	5	140896.0	144192.0	138146.0	0	 	2750.0
15	6	212112.0	212112.0	212112.0	0	 	0
15	7	149184.0	149184.0	149184.0	0	 	0
15	8	150912.0	150912.0	150912.0	0	 	0
15	9	173936.0	175776.0	173934.0	0	 	2.0
15	10	186384.0	186384.0	186384.0	0	 	0
15	11	240672.0	240672.0	240672.0	0	 	0
15	12	293592.0	287472.0	315961.0	22369.0	 	0
15	13	79008.0	79008.0	79008.0	0	 	0
15	14	186976.0	185328.0	170152.0	0	 	16824.0
15	16	108152.0	107232.0	107232.0	0	 	920.0
16	0	248064.0	248064.0	248064.0	0	 	0
16	1	298608.0	297840.0	297840.0	0	 	768.0
16	2	179472.0	179472.0	179472.0	0	 	0
16	3	135216.0	135216.0	135216.0	0	 	0
16	4	18192.0	18192.0	18192.0	0	 	0
16	5	50208.0	50208.0	49886.0	0	 	322.0
16	6	91968.0	91968.0	91968.0	0	 	0
16	7	78336.0	78336.0	78336.0	0	 	0
16	8	219264.0	219264.0	219264.0	0	 	0
16	9	388868.0	386688.0	386688.0	0	 	2180.0
16	10	219984.0	219984.0	219984.0	0	 	0
16	11	328848.0	328848.0	328848.0	0	 	0
16	12	179248.0	189648.0	179246.0	0	 	2.0
16	13	39360.0	39360.0	39360.0	0	 	0
16	14	141856.0	136656.0	136656.0	0	 	5200.0
16	15	210064.0	204864.0	204864.0	0	 	5200.0

l	i	j	v Observado	v Estimado
0	0	1	142194.0	142194.0
1	0	1	142194.0	142194.0
2	0	1	142194.0	142194.0
3	0	1	142194.0	142194.0
0	0	2	101988.0	101988.0
1	0	2	101988.0	101988.0
2	0	2	101988.0	101988.0
3	0	2	101988.0	101988.0
0	0	3	110454.0	110454.0
1	0	3	110454.0	110454.0
2	0	3	110454.0	110454.0
3	0	3	110454.0	110454.0
0	1	4	113340.0	113340.0
1	1	4	113340.0	113340.0
2	1	4	113340.0	113340.0
3	1	4	113340.0	113340.0
0	2	4	117948.0	117948.0
1	2	4	117948.0	117948.0
2	2	4	117948.0	117948.0
3	2	4	117948.0	117948.0
0	0	5	83328.0	83328.0
1	0	5	83328.0	83328.0
2	0	5	83328.0	83328.0
3	0	5	83328.0	83328.0
0	0	6	177996.0	177996.0
1	0	6	177996.0	177996.0
2	0	6	177996.0	177996.0
3	0	6	177996.0	177996.0
0	2	7	131694.0	131694.0
1	2	7	131694.0	131694.0
2	2	7	131694.0	131694.0
3	2	7	131694.0	131694.0
0	0	15	156396.0	156396.0
0	15	7	93186.0	93186.0
1	0	15	156396.0	156396.0
1	15	7	93186.0	93186.0
2	0	15	156396.0	156396.0
2	15	7	93186.0	93186.0
3	0	15	156396.0	156396.0
3	15	7	93186.0	93186.0
0	0	16	106932.0	106932.0
0	16	8	184884.0	184884.0
1	0	16	106932.0	106932.0
1	16	8	184884.0	184884.0
2	0	16	106932.0	106932.0
2	16	8	184884.0	184884.0
3	0	16	106932.0	106932.0
3	16	8	184884.0	184884.0
0	6	8	276912.0	276912.0
1	6	8	276912.0	276912.0
2	6	8	276912.0	276912.0
3	6	8	276912.0	276912.0
0	16	9	244434.0	244434.0
1	16	9	244434.0	244434.0
2	16	9	244434.0	244434.0
3	16	9	244434.0	244434.0
0	3	9	235134.0	235134.0
1	3	9	235134.0	235134.0
2	3	9	235134.0	235134.0
3	3	9	235134.0	235134.0
0	0	10	234042.0	234042.0
1	0	10	234042.0	234042.0
2	0	10	234042.0	234042.0
3	0	10	234042.0	234042.0
0	0	11	148440.0	148440.0
1	0	11	148440.0	148440.0
2	0	11	148440.0	148440.0
3	0	11	148440.0	148440.0
0	2	12	143094.0	143094.0
1	2	12	143094.0	143094.0
2	2	12	143094.0	143094.0
3	2	12	143094.0	143094.0
0	15	12	208932.0	208932.0
1	15	12	208932.0	208932.0
2	15	12	208932.0	208932.0
3	15	12	208932.0	208932.0
0	16	13	147132.0	147132.0
1	16	13	147132.0	147132.0
2	16	13	147132.0	147132.0
3	16	13	147132.0	147132.0
0	15	13	173136.0	173136.0
1	15	13	173136.0	173136.0
2	15	13	173136.0	173136.0
3	15	13	173136.0	173136.0
0	0	14	195582.0	195582.0
1	0	14	195582.0	195582.0
2	0	14	195582.0	195582.0
3	0	14	195582.0	195582.0
0	1	0	181476.0	181476.0
1	1	0	181476.0	181476.0
2	1	0	181476.0	181476.0
3	1	0	181476.0	181476.0
0	1	2	169170.0	169170.0
1	1	2	169170.0	169170.0
2	1	2	169170.0	169170.0
3	1	2	169170.0	169170.0
0	1	3	104880.0	104880.0
1	1	3	104880.0	104880.0
2	1	3	104880.0	104880.0
3	1	3	104880.0	104880.0
0	2	5	149232.0	149232.0
1	2	5	149232.0	149232.0
2	2	5	149232.0	149232.0
3	2	5	149232.0	149232.0
0	1	6	115866.0	115866.0
1	1	6	115866.0	115866.0
2	1	6	115866.0	115866.0
3	1	6	115866.0	115866.0
0	4	7	267234.0	267234.0
1	4	7	267234.0	267234.0
2	4	7	267234.0	267234.0
3	4	7	267234.0	267234.0
0	1	16	173658.0	173658.0
1	1	16	173658.0	173658.0
2	1	16	173658.0	173658.0
3	1	16	173658.0	173658.0
0	2	11	148134.0	148134.0
1	2	11	148134.0	148134.0
2	2	11	148134.0	148134.0
3	2	11	148134.0	148134.0
0	1	15	121842.0	121842.0
1	1	15	121842.0	121842.0
2	1	15	121842.0	121842.0
3	1	15	121842.0	121842.0
0	16	14	105810.0	105810.0
1	16	14	105810.0	105810.0
2	16	14	105810.0	105810.0
3	16	14	105810.0	105810.0
0	2	0	107808.0	107808.0
1	2	0	107808.0	107808.0
2	2	0	107808.0	107808.0
3	2	0	107808.0	107808.0
0	2	1	144450.0	144450.0
1	2	1	144450.0	144450.0
2	2	1	144450.0	144450.0
3	2	1	144450.0	144450.0
0	2	3	57900.0	57900.0
1	2	3	57900.0	57900.0
2	2	3	57900.0	57900.0
3	2	3	57900.0	57900.0
0	3	6	59772.0	59772.0
1	3	6	59772.0	59772.0
2	3	6	59772.0	59772.0
3	3	6	59772.0	59772.0
0	5	8	155700.0	155700.0
1	5	8	155700.0	155700.0
2	5	8	155700.0	155700.0
3	5	8	155700.0	155700.0
0	2	16	221694.0	221694.0
1	2	16	221694.0	221694.0
2	2	16	221694.0	221694.0
3	2	16	221694.0	221694.0
0	5	10	149298.0	149298.0
1	5	10	149298.0	149298.0
2	5	10	149298.0	149298.0
3	5	10	149298.0	149298.0
0	2	15	157830.0	157830.0
1	2	15	157830.0	157830.0
2	2	15	157830.0	157830.0
3	2	15	157830.0	157830.0
0	5	14	340374.0	340374.0
1	5	14	340374.0	340374.0
2	5	14	340374.0	340374.0
3	5	14	340374.0	340374.0
0	3	0	111102.0	111102.0
1	3	0	111102.0	111102.0
2	3	0	111102.0	111102.0
3	3	0	111102.0	111102.0
0	3	1	81780.0	81780.0
1	3	1	81780.0	81780.0
2	3	1	81780.0	81780.0
3	3	1	81780.0	81780.0
0	3	2	167844.0	167844.0
1	3	2	167844.0	167844.0
2	3	2	167844.0	167844.0
3	3	2	167844.0	167844.0
0	3	4	70728.0	70728.0
1	3	4	70728.0	70728.0
2	3	4	70728.0	70728.0
3	3	4	70728.0	70728.0
0	3	5	113874.0	113874.0
1	3	5	113874.0	113874.0
2	3	5	113874.0	113874.0
3	3	5	113874.0	113874.0
0	3	11	139356.0	139356.0
1	3	11	139356.0	139356.0
2	3	11	139356.0	139356.0
3	3	11	139356.0	139356.0
0	5	12	108354.0	108354.0
1	5	12	108354.0	108354.0
2	5	12	108354.0	108354.0
3	5	12	108354.0	108354.0
0	11	13	75042.0	75042.0
1	11	13	75042.0	75042.0
2	11	13	75042.0	75042.0
3	11	13	75042.0	75042.0
0	4	3	114996.0	114996.0
1	4	3	114996.0	114996.0
2	4	3	114996.0	114996.0
3	4	3	114996.0	114996.0
0	4	5	242412.0	242412.0
0	5	0	133128.0	133128.0
1	4	5	242412.0	242412.0
1	5	0	133128.0	133128.0
2	4	5	242412.0	242412.0
2	5	0	133128.0	133128.0
3	4	5	242412.0	242412.0
3	5	0	133128.0	133128.0
0	4	1	154608.0	154608.0
1	4	1	154608.0	154608.0
2	4	1	154608.0	154608.0
3	4	1	154608.0	154608.0
0	4	2	172182.0	172182.0
1	4	2	172182.0	172182.0
2	4	2	172182.0	172182.0
3	4	2	172182.0	172182.0
0	4	6	159600.0	159600.0
1	4	6	159600.0	159600.0
2	4	6	159600.0	159600.0
3	4	6	159600.0	159600.0
0	6	9	130302.0	130302.0
1	6	9	130302.0	130302.0
2	6	9	130302.0	130302.0
3	6	9	130302.0	130302.0
0	7	10	154560.0	154560.0
1	7	10	154560.0	154560.0
2	7	10	154560.0	154560.0
3	7	10	154560.0	154560.0
0	7	13	250002.0	250002.0
1	7	13	250002.0	250002.0
2	7	13	250002.0	250002.0
3	7	13	250002.0	250002.0
0	5	4	193608.0	193608.0
1	5	4	193608.0	193608.0
2	5	4	193608.0	193608.0
3	5	4	193608.0	193608.0
0	5	6	60246.0	60246.0
0	6	1	129828.0	129828.0
1	5	6	60246.0	60246.0
1	6	1	129828.0	129828.0
2	5	6	60246.0	60246.0
2	6	1	129828.0	129828.0
3	5	6	60246.0	60246.0
3	6	1	129828.0	129828.0
0	5	2	168570.0	168570.0
1	5	2	168570.0	168570.0
2	5	2	168570.0	168570.0
3	5	2	168570.0	168570.0
0	5	3	98772.0	98772.0
1	5	3	98772.0	98772.0
2	5	3	98772.0	98772.0
3	5	3	98772.0	98772.0
0	5	7	138108.0	138108.0
1	5	7	138108.0	138108.0
2	5	7	138108.0	138108.0
3	5	7	138108.0	138108.0
0	14	13	159642.0	159642.0
1	14	13	159642.0	159642.0
2	14	13	159642.0	159642.0
3	14	13	159642.0	159642.0
0	7	15	163704.0	163704.0
1	7	15	163704.0	163704.0
2	7	15	163704.0	163704.0
3	7	15	163704.0	163704.0
0	8	16	196668.0	196668.0
1	8	16	196668.0	196668.0
2	8	16	196668.0	196668.0
3	8	16	196668.0	196668.0
0	6	0	166026.0	166026.0
1	6	0	166026.0	166026.0
2	6	0	166026.0	166026.0
3	6	0	166026.0	166026.0
0	6	5	130374.0	130374.0
1	6	5	130374.0	130374.0
2	6	5	130374.0	130374.0
3	6	5	130374.0	130374.0
0	6	7	153966.0	153966.0
0	7	2	122862.0	122862.0
1	6	7	153966.0	153966.0
1	7	2	122862.0	122862.0
2	6	7	153966.0	153966.0
2	7	2	122862.0	122862.0
3	6	7	153966.0	153966.0
3	7	2	122862.0	122862.0
0	6	3	164760.0	164760.0
1	6	3	164760.0	164760.0
2	6	3	164760.0	164760.0
3	6	3	164760.0	164760.0
0	6	4	126162.0	126162.0
1	6	4	126162.0	126162.0
2	6	4	126162.0	126162.0
3	6	4	126162.0	126162.0
0	8	11	184632.0	184632.0
1	8	11	184632.0	184632.0
2	8	11	184632.0	184632.0
3	8	11	184632.0	184632.0
0	6	12	44004.0	44004.0
1	6	12	44004.0	44004.0
2	6	12	44004.0	44004.0
3	6	12	44004.0	44004.0
0	12	13	93498.0	93498.0
1	12	13	93498.0	93498.0
2	12	13	93498.0	93498.0
3	12	13	93498.0	93498.0
0	9	16	139734.0	139734.0
1	9	16	139734.0	139734.0
2	9	16	139734.0	139734.0
3	9	16	139734.0	139734.0
0	7	6	90078.0	90078.0
1	7	6	90078.0	90078.0
2	7	6	90078.0	90078.0
3	7	6	90078.0	90078.0
0	7	5	109356.0	109356.0
1	7	5	109356.0	109356.0
2	7	5	109356.0	109356.0
3	7	5	109356.0	109356.0
0	7	4	218598.0	218598.0
1	7	4	218598.0	218598.0
2	7	4	218598.0	218598.0
3	7	4	218598.0	218598.0
0	7	8	103764.0	103764.0
1	7	8	103764.0	103764.0
2	7	8	103764.0	103764.0
3	7	8	103764.0	103764.0
0	7	9	117912.0	117912.0
1	7	9	117912.0	117912.0
2	7	9	117912.0	117912.0
3	7	9	117912.0	117912.0
0	9	11	183630.0	183630.0
1	9	11	183630.0	183630.0
2	9	11	183630.0	183630.0
3	9	11	183630.0	183630.0
0	7	12	101778.0	101778.0
1	7	12	101778.0	101778.0
2	7	12	101778.0	101778.0
3	7	12	101778.0	101778.0
0	12	14	79134.0	79134.0
1	12	14	79134.0	79134.0
2	12	14	79134.0	79134.0
3	12	14	79134.0	79134.0
0	8	6	173256.0	173256.0
1	8	6	173256.0	173256.0
2	8	6	173256.0	173256.0
3	8	6	173256.0	173256.0
0	8	10	124572.0	124572.0
0	10	0	112410.0	112410.0
1	8	10	124572.0	124572.0
1	10	0	112410.0	112410.0
2	8	10	124572.0	124572.0
2	10	0	112410.0	112410.0
3	8	10	124572.0	124572.0
3	10	0	112410.0	112410.0
0	16	1	233802.0	233802.0
1	16	1	233802.0	233802.0
2	16	1	233802.0	233802.0
3	16	1	233802.0	233802.0
0	8	7	165960.0	165960.0
1	8	7	165960.0	165960.0
2	8	7	165960.0	165960.0
3	8	7	165960.0	165960.0
0	8	5	165618.0	165618.0
1	8	5	165618.0	165618.0
2	8	5	165618.0	165618.0
3	8	5	165618.0	165618.0
0	8	9	28440.0	28440.0
0	9	3	106308.0	106308.0
1	8	9	28440.0	28440.0
1	9	3	106308.0	106308.0
2	8	9	28440.0	28440.0
2	9	3	106308.0	106308.0
3	8	9	28440.0	28440.0
3	9	3	106308.0	106308.0
0	9	12	79782.0	79782.0
1	9	12	79782.0	79782.0
2	9	12	79782.0	79782.0
3	9	12	79782.0	79782.0
0	10	13	177264.0	177264.0
1	10	13	177264.0	177264.0
2	10	13	177264.0	177264.0
3	10	13	177264.0	177264.0
0	11	14	98124.0	98124.0
1	11	14	98124.0	98124.0
2	11	14	98124.0	98124.0
3	11	14	98124.0	98124.0
0	16	15	122016.0	122016.0
1	16	15	122016.0	122016.0
2	16	15	122016.0	122016.0
3	16	15	122016.0	122016.0
0	9	10	197292.0	197292.0
1	9	10	197292.0	197292.0
2	9	10	197292.0	197292.0
3	9	10	197292.0	197292.0
0	11	0	144108.0	144108.0
1	11	0	144108.0	144108.0
2	11	0	144108.0	144108.0
3	11	0	144108.0	144108.0
0	9	6	110514.0	110514.0
1	9	6	110514.0	110514.0
2	9	6	110514.0	110514.0
3	9	6	110514.0	110514.0
0	9	7	215238.0	215238.0
1	9	7	215238.0	215238.0
2	9	7	215238.0	215238.0
3	9	7	215238.0	215238.0
0	11	2	140292.0	140292.0
1	11	2	140292.0	140292.0
2	11	2	140292.0	140292.0
3	11	2	140292.0	140292.0
0	9	8	77718.0	77718.0
1	9	8	77718.0	77718.0
2	9	8	77718.0	77718.0
3	9	8	77718.0	77718.0
0	10	5	178080.0	178080.0
1	10	5	178080.0	178080.0
2	10	5	178080.0	178080.0
3	10	5	178080.0	178080.0
0	12	15	143808.0	143808.0
1	12	15	143808.0	143808.0
2	12	15	143808.0	143808.0
3	12	15	143808.0	143808.0
0	10	11	79320.0	79320.0
1	10	11	79320.0	79320.0
2	10	11	79320.0	79320.0
3	10	11	79320.0	79320.0
0	10	12	40062.0	40062.0
0	12	2	172908.0	172908.0
1	10	12	40062.0	40062.0
1	12	2	172908.0	172908.0
2	10	12	40062.0	40062.0
2	12	2	172908.0	172908.0
3	10	12	40062.0	40062.0
3	12	2	172908.0	172908.0
0	10	9	161898.0	161898.0
1	10	9	161898.0	161898.0
2	10	9	161898.0	161898.0
3	10	9	161898.0	161898.0
0	11	3	254136.0	254136.0
1	11	3	254136.0	254136.0
2	11	3	254136.0	254136.0
3	11	3	254136.0	254136.0
0	10	7	105006.0	105006.0
1	10	7	105006.0	105006.0
2	10	7	105006.0	105006.0
3	10	7	105006.0	105006.0
0	10	8	129552.0	129552.0
1	10	8	129552.0	129552.0
2	10	8	129552.0	129552.0
3	10	8	129552.0	129552.0
0	11	10	108426.0	108426.0
1	11	10	108426.0	108426.0
2	11	10	108426.0	108426.0
3	11	10	108426.0	108426.0
0	11	12	147990.0	147990.0
0	12	5	84036.0	84036.0
1	11	12	147990.0	147990.0
1	12	5	84036.0	84036.0
2	11	12	147990.0	147990.0
2	12	5	84036.0	84036.0
3	11	12	147990.0	147990.0
3	12	5	84036.0	84036.0
0	12	6	107394.0	107394.0
1	12	6	107394.0	107394.0
2	12	6	107394.0	107394.0
3	12	6	107394.0	107394.0
0	11	9	72528.0	72528.0
1	11	9	72528.0	72528.0
2	11	9	72528.0	72528.0
3	11	9	72528.0	72528.0
0	12	7	93234.0	93234.0
1	12	7	93234.0	93234.0
2	12	7	93234.0	93234.0
3	12	7	93234.0	93234.0
0	11	8	54024.0	54024.0
1	11	8	54024.0	54024.0
2	11	8	54024.0	54024.0
3	11	8	54024.0	54024.0
0	13	15	121026.0	121026.0
1	13	15	121026.0	121026.0
2	13	15	121026.0	121026.0
3	13	15	121026.0	121026.0
0	13	16	107262.0	107262.0
1	13	16	107262.0	107262.0
2	13	16	107262.0	107262.0
3	13	16	107262.0	107262.0
0	12	11	50928.0	50928.0
1	12	11	50928.0	50928.0
2	12	11	50928.0	50928.0
3	12	11	50928.0	50928.0
0	12	10	161178.0	161178.0
1	12	10	161178.0	161178.0
2	12	10	161178.0	161178.0
3	12	10	161178.0	161178.0
0	15	1	184302.0	184302.0
1	15	1	184302.0	184302.0
2	15	1	184302.0	184302.0
3	15	1	184302.0	184302.0
0	12	9	149748.0	149748.0
1	12	9	149748.0	149748.0
2	12	9	149748.0	149748.0
3	12	9	149748.0	149748.0
0	14	16	124074.0	124074.0
1	14	16	124074.0	124074.0
2	14	16	124074.0	124074.0
3	14	16	124074.0	124074.0
0	13	14	71250.0	71250.0
0	14	0	178956.0	178956.0
1	13	14	71250.0	71250.0
1	14	0	178956.0	178956.0
2	13	14	71250.0	71250.0
2	14	0	178956.0	178956.0
3	13	14	71250.0	71250.0
3	14	0	178956.0	178956.0
0	13	11	277806.0	277806.0
1	13	11	277806.0	277806.0
2	13	11	277806.0	277806.0
3	13	11	277806.0	277806.0
0	13	12	131352.0	131352.0
1	13	12	131352.0	131352.0
2	13	12	131352.0	131352.0
3	13	12	131352.0	131352.0
0	13	7	199632.0	199632.0
1	13	7	199632.0	199632.0
2	13	7	199632.0	199632.0
3	13	7	199632.0	199632.0
0	14	5	150864.0	150864.0
1	14	5	150864.0	150864.0
2	14	5	150864.0	150864.0
3	14	5	150864.0	150864.0
0	13	10	123744.0	123744.0
1	13	10	123744.0	123744.0
2	13	10	123744.0	123744.0
3	13	10	123744.0	123744.0
0	14	15	119124.0	119124.0
1	14	15	119124.0	119124.0
2	14	15	119124.0	119124.0
3	14	15	119124.0	119124.0
0	15	2	62430.0	62430.0
1	15	2	62430.0	62430.0
2	15	2	62430.0	62430.0
3	15	2	62430.0	62430.0
0	14	12	173766.0	173766.0
1	14	12	173766.0	173766.0
2	14	12	173766.0	173766.0
3	14	12	173766.0	173766.0
0	14	11	187944.0	187944.0
1	14	11	187944.0	187944.0
2	14	11	187944.0	187944.0
3	14	11	187944.0	187944.0
0	15	0	108228.0	108228.0
1	15	0	108228.0	108228.0
2	15	0	108228.0	108228.0
3	15	0	108228.0	108228.0
0	15	14	94440.0	94440.0
1	15	14	94440.0	94440.0
2	15	14	94440.0	94440.0
3	15	14	94440.0	94440.0
0	15	16	67644.0	67644.0
1	15	16	67644.0	67644.0
2	15	16	67644.0	67644.0
3	15	16	67644.0	67644.0
0	16	0	165294.0	165294.0
1	16	0	165294.0	165294.0
2	16	0	165294.0	165294.0
3	16	0	165294.0	165294.0
0	16	2	47142.0	47142.0
1	16	2	47142.0	47142.0
2	16	2	47142.0	47142.0
3	16	2	47142.0	47142.0
