-----------------------------------------------------
-----     Resultados    -----
-----------------------------------------------------

Parametro Deficit (alfa): 1.0
Parametro Exceso (beta):  1.0
Parametro de probabilidades (epsilon): 0.0
CPU time: 0.012
p	q	g Estimada	g Exacta	g Referencia	Deficit	Exceso
0	1	912.0	912.0	912.0	0.0	 	0.0
0	2	4104.0	4104.0	4104.0	0.0	 	0.0
0	3	33936.0	33936.0	36653.0	2717.0	 	0.0
0	4	18516.0	18516.0	18516.0	0.0	 	0.0
0	5	41604.0	41604.0	44948.0	3344.0	 	0.0
0	6	11088.0	11088.0	11088.0	0.0	 	0.0
0	7	28512.0	28512.0	28512.0	0.0	 	0.0
0	8	24300.0	24300.0	24300.0	0.0	 	0.0
0	9	948.0	948.0	948.0	0.0	 	0.0
1	0	35520.0	35520.0	35520.0	0.0	 	0.0
1	2	12456.0	12456.0	12456.0	0.0	 	0.0
1	3	48576.0	48576.0	48576.0	0.0	 	0.0
1	4	57276.0	57276.0	57276.0	0.0	 	0.0
1	5	37560.0	37560.0	37560.0	0.0	 	0.0
1	6	14796.0	14796.0	14796.0	0.0	 	0.0
1	7	16140.0	16176.0	16176.0	36.0	 	0.0
1	8	52312.0	51060.0	55041.0	2729.0	 	0.0
1	9	252.0	252.0	252.0	0.0	 	0.0
2	0	57528.0	57528.0	57528.0	0.0	 	0.0
2	1	9100.0	7884.0	8451.0	0.0	 	649.0
2	3	57744.0	57744.0	57744.0	0.0	 	0.0
2	4	34704.0	34704.0	34704.0	0.0	 	0.0
2	5	17280.0	17280.0	17280.0	0.0	 	0.0
2	6	51712.0	50628.0	51712.0	0.0	 	0.0
2	7	9660.0	9324.0	9915.0	255.0	 	0.0
2	8	20272.0	22776.0	22776.0	2504.0	 	0.0
2	9	35604.0	35736.0	35736.0	132.0	 	0.0
3	0	48420.0	48420.0	48420.0	0.0	 	0.0
3	1	37932.0	37932.0	37932.0	0.0	 	0.0
3	2	38916.0	38916.0	38916.0	0.0	 	0.0
3	4	46188.0	46188.0	46188.0	0.0	 	0.0
3	5	3036.0	3036.0	3036.0	0.0	 	0.0
3	6	20560.0	20352.0	20352.0	0.0	 	208.0
3	7	57888.0	57888.0	57888.0	0.0	 	0.0
3	8	5912.0	6120.0	6130.0	218.0	 	0.0
3	9	42900.0	42900.0	42900.0	0.0	 	0.0
4	0	52728.0	52728.0	52728.0	0.0	 	0.0
4	1	10872.0	10872.0	10872.0	0.0	 	0.0
4	2	48432.0	48432.0	48432.0	0.0	 	0.0
4	3	40680.0	40680.0	40680.0	0.0	 	0.0
4	5	55932.0	55932.0	55932.0	0.0	 	0.0
4	6	6876.0	6876.0	6876.0	0.0	 	0.0
4	7	46608.0	46740.0	46740.0	132.0	 	0.0
4	8	47328.0	47328.0	47328.0	0.0	 	0.0
4	9	14280.0	14148.0	14280.0	0.0	 	0.0
5	0	43152.0	43152.0	43152.0	0.0	 	0.0
5	1	15660.0	15660.0	15660.0	0.0	 	0.0
5	2	26904.0	26904.0	29215.0	2311.0	 	0.0
5	3	54900.0	54900.0	54900.0	0.0	 	0.0
5	4	408.0	408.0	408.0	0.0	 	0.0
5	6	27944.0	25656.0	27943.0	0.0	 	1.0
5	7	31968.0	31968.0	31968.0	0.0	 	0.0
5	8	40096.0	42384.0	42384.0	2288.0	 	0.0
5	9	34368.0	34368.0	34368.0	0.0	 	0.0
6	0	19728.0	19728.0	19728.0	0.0	 	0.0
6	1	41676.0	41676.0	41676.0	0.0	 	0.0
6	2	12492.0	12492.0	12492.0	0.0	 	0.0
6	3	18972.0	18972.0	18972.0	0.0	 	0.0
6	4	20868.0	20868.0	20868.0	0.0	 	0.0
6	5	17160.0	17160.0	17160.0	0.0	 	0.0
6	7	50664.0	50148.0	50148.0	0.0	 	516.0
6	8	40600.0	37536.0	40599.0	0.0	 	1.0
6	9	28212.0	28212.0	28340.0	128.0	 	0.0
7	0	9756.0	9756.0	9756.0	0.0	 	0.0
7	1	7800.0	7800.0	7800.0	0.0	 	0.0
7	2	47892.0	47892.0	47892.0	0.0	 	0.0
7	3	36612.0	36612.0	36612.0	0.0	 	0.0
7	4	57060.0	57060.0	57060.0	0.0	 	0.0
7	5	22872.0	22872.0	22872.0	0.0	 	0.0
7	6	50412.0	50412.0	50412.0	0.0	 	0.0
7	8	11244.0	10560.0	11243.0	0.0	 	1.0
7	9	42504.0	42504.0	42504.0	0.0	 	0.0
8	0	36408.0	36408.0	36408.0	0.0	 	0.0
8	1	26412.0	26412.0	26412.0	0.0	 	0.0
8	2	51792.0	51792.0	51792.0	0.0	 	0.0
8	3	51756.0	51756.0	51756.0	0.0	 	0.0
8	4	43272.0	43272.0	47568.0	4296.0	 	0.0
8	5	40104.0	40104.0	40104.0	0.0	 	0.0
8	6	40284.0	40284.0	40284.0	0.0	 	0.0
8	7	20520.0	20520.0	20520.0	0.0	 	0.0
8	9	23352.0	23352.0	23352.0	0.0	 	0.0
9	0	40500.0	40500.0	40500.0	0.0	 	0.0
9	1	22668.0	22668.0	22668.0	0.0	 	0.0
9	2	9264.0	9264.0	9264.0	0.0	 	0.0
9	3	11004.0	11004.0	11004.0	0.0	 	0.0
9	4	23148.0	23148.0	23148.0	0.0	 	0.0
9	5	19884.0	19884.0	19884.0	0.0	 	0.0
9	6	18372.0	18372.0	18372.0	0.0	 	0.0
9	7	50916.0	50916.0	50916.0	0.0	 	0.0
9	8	35304.0	35304.0	35304.0	0.0	 	0.0

l	i	j	v Observado	v Estimado
0	0	1	81339.0	81339.0
1	0	1	81339.0	81339.0
0	1	2	62085.0	62085.0
1	1	2	62085.0	62085.0
0	0	4	108805.0	108805.0
0	4	3	86901.0	86901.0
1	0	4	108805.0	108805.0
1	4	3	86901.0	86901.0
0	0	6	42159.0	42159.0
0	6	3	110524.0	110524.0
1	0	6	42159.0	42159.0
1	6	3	110524.0	110524.0
0	4	5	73314.0	73314.0
1	4	5	73314.0	73314.0
0	6	5	59026.0	59026.0
1	6	5	59026.0	59026.0
0	0	7	66849.0	66849.0
1	0	7	66849.0	66849.0
0	0	9	149871.0	149871.0
0	9	8	91344.0	91344.0
1	0	9	149871.0	149871.0
1	9	8	91344.0	91344.0
0	7	8	70695.0	70695.0
1	7	8	70695.0	70695.0
0	1	0	113559.0	113559.0
1	1	0	113559.0	113559.0
0	2	3	87351.0	87351.0
1	2	3	87351.0	87351.0
0	1	4	72558.0	72558.0
1	1	4	72558.0	72558.0
0	2	1	81078.0	81078.0
1	2	1	81078.0	81078.0
0	3	4	79045.0	79045.0
1	3	4	79045.0	79045.0
0	3	6	93849.0	93849.0
1	3	6	93849.0	93849.0
0	6	7	121047.0	121047.0
1	6	7	121047.0	121047.0
0	4	0	143145.0	143145.0
1	4	0	143145.0	143145.0
0	6	0	71179.0	71179.0
1	6	0	71179.0	71179.0
0	3	2	85668.0	85668.0
1	3	2	85668.0	85668.0
0	4	1	34857.0	34857.0
1	4	1	34857.0	34857.0
0	5	6	75663.0	75663.0
1	5	6	75663.0	75663.0
0	5	4	66661.0	66661.0
1	5	4	66661.0	66661.0
0	7	0	103851.0	103851.0
1	7	0	103851.0	103851.0
0	7	6	145941.0	145941.0
1	7	6	145941.0	145941.0
0	8	9	44352.0	44352.0
1	8	9	44352.0	44352.0
0	8	7	145953.0	145953.0
1	8	7	145953.0	145953.0
0	9	0	107199.0	107199.0
1	9	0	107199.0	107199.0
