-----------------------------------------------------
-----     Resultados    -----
-----------------------------------------------------

Parametro Deficit (alfa): 1.0
Parametro Exceso (beta):  1.0
Parametro de probabilidades (epsilon): 0.0
CPU time: 0.034
p	q	g Estimada	g Exacta	g Referencia	Deficit	Exceso
0	1	121988.0	119472.0	119470.0	0.0	 	2518.0
0	2	82224.0	82224.0	82224.0	0.0	 	0.0
0	3	40664.0	40680.0	40680.0	16.0	 	0.0
0	4	114172.0	114168.0	114170.0	0.0	 	2.0
0	5	14928.0	14928.0	14928.0	0.0	 	0.0
0	6	62336.0	62328.0	62328.0	0.0	 	8.0
0	7	42648.0	42648.0	42648.0	0.0	 	0.0
0	8	55536.0	55536.0	55536.0	0.0	 	0.0
0	9	1252.0	1128.0	1128.0	0.0	 	124.0
1	0	78276.0	75024.0	79134.0	858.0	 	0.0
1	2	62040.0	62040.0	62040.0	0.0	 	0.0
1	3	78248.0	78000.0	83982.0	5734.0	 	0.0
1	4	53328.0	53328.0	53328.0	0.0	 	0.0
1	5	115560.0	115560.0	115560.0	0.0	 	0.0
1	6	76416.0	76416.0	76416.0	0.0	 	0.0
1	7	62304.0	62304.0	62304.0	0.0	 	0.0
1	8	54704.0	57960.0	57960.0	3256.0	 	0.0
1	9	114028.0	114024.0	114020.0	0.0	 	8.0
2	0	71784.0	71784.0	71784.0	0.0	 	0.0
2	1	6724.0	6600.0	6600.0	0.0	 	124.0
2	3	5616.0	5616.0	5616.0	0.0	 	0.0
2	4	73800.0	73800.0	73800.0	0.0	 	0.0
2	5	38392.0	38640.0	38640.0	248.0	 	0.0
2	6	88944.0	88944.0	88944.0	0.0	 	0.0
2	7	27720.0	27720.0	27720.0	0.0	 	0.0
2	8	80232.0	80232.0	80232.0	0.0	 	0.0
2	9	112800.0	112800.0	112800.0	0.0	 	0.0
3	0	3488.0	3240.0	3495.0	7.0	 	0.0
3	1	34128.0	34128.0	34128.0	0.0	 	0.0
3	2	67292.0	66792.0	66792.0	0.0	 	500.0
3	4	29388.0	28392.0	28392.0	0.0	 	996.0
3	5	91704.0	91704.0	91704.0	0.0	 	0.0
3	6	17520.0	17520.0	17520.0	0.0	 	0.0
3	7	65808.0	65808.0	65808.0	0.0	 	0.0
3	8	68088.0	68088.0	68088.0	0.0	 	0.0
3	9	94752.0	94752.0	94752.0	0.0	 	0.0
4	0	95880.0	95880.0	95880.0	0.0	 	0.0
4	1	37968.0	37968.0	37968.0	0.0	 	0.0
4	2	110640.0	110640.0	110640.0	0.0	 	0.0
4	3	101332.0	101328.0	101330.0	0.0	 	2.0
4	5	50692.0	50568.0	50568.0	0.0	 	124.0
4	6	67992.0	67992.0	67992.0	0.0	 	0.0
4	7	95448.0	95448.0	95448.0	0.0	 	0.0
4	8	21452.0	20448.0	22226.0	774.0	 	0.0
4	9	50568.0	50568.0	50568.0	0.0	 	0.0
5	0	84864.0	87120.0	94975.0	10111.0	 	0.0
5	1	63072.0	63072.0	63967.0	895.0	 	0.0
5	2	60124.0	60624.0	61082.0	958.0	 	0.0
5	3	88704.0	86448.0	94081.0	5377.0	 	0.0
5	4	99564.0	97944.0	97944.0	0.0	 	1620.0
5	6	117792.0	117792.0	117790.0	0.0	 	2.0
5	7	108460.0	108456.0	108460.0	0.0	 	0.0
5	8	108068.0	108072.0	108070.0	2.0	 	0.0
5	9	14568.0	14568.0	14568.0	0.0	 	0.0
6	0	29736.0	29736.0	29736.0	0.0	 	0.0
6	1	29088.0	29088.0	29088.0	0.0	 	0.0
6	2	40296.0	40296.0	40296.0	0.0	 	0.0
6	3	3792.0	3792.0	3792.0	0.0	 	0.0
6	4	108264.0	111624.0	111620.0	3356.0	 	0.0
6	5	123548.0	113184.0	123550.0	2.0	 	0.0
6	7	75528.0	75528.0	75528.0	0.0	 	0.0
6	8	66096.0	66096.0	66096.0	0.0	 	0.0
6	9	117900.0	115776.0	115780.0	0.0	 	2120.0
7	0	44376.0	44376.0	44376.0	0.0	 	0.0
7	1	50064.0	50064.0	50064.0	0.0	 	0.0
7	2	40272.0	40272.0	40272.0	0.0	 	0.0
7	3	54744.0	54744.0	54744.0	0.0	 	0.0
7	4	50344.0	48696.0	51543.0	1199.0	 	0.0
7	5	69816.0	75792.0	77440.0	7624.0	 	0.0
7	6	43660.0	39336.0	39336.0	0.0	 	4324.0
7	8	100540.0	100536.0	100540.0	0.0	 	0.0
7	9	20328.0	20328.0	20328.0	0.0	 	0.0
8	0	6984.0	6984.0	6984.0	0.0	 	0.0
8	1	55352.0	57000.0	57000.0	1648.0	 	0.0
8	2	83160.0	83160.0	83160.0	0.0	 	0.0
8	3	10032.0	10032.0	10032.0	0.0	 	0.0
8	4	56424.0	56424.0	56424.0	0.0	 	0.0
8	5	116472.0	119616.0	119620.0	3148.0	 	0.0
8	6	55748.0	50952.0	50952.0	0.0	 	4796.0
8	7	109220.0	109224.0	109220.0	0.0	 	0.0
8	9	42336.0	42336.0	42336.0	0.0	 	0.0
9	0	110952.0	109560.0	110950.0	0.0	 	2.0
9	1	31296.0	32040.0	32040.0	744.0	 	0.0
9	2	49004.0	49128.0	49128.0	124.0	 	0.0
9	3	6068.0	6816.0	6816.0	748.0	 	0.0
9	4	60344.0	60120.0	60344.0	0.0	 	0.0
9	5	15792.0	15792.0	15792.0	0.0	 	0.0
9	6	88536.0	88536.0	88536.0	0.0	 	0.0
9	7	89376.0	89376.0	89376.0	0.0	 	0.0
9	8	38636.0	36384.0	38638.0	2.0	 	0.0

l	i	j	v Observado	v Estimado
0	0	1	120183.0	120183.0
1	0	1	120183.0	120183.0
2	0	1	120183.0	120183.0
3	0	1	120183.0	120183.0
0	1	2	87357.0	87357.0
1	1	2	87357.0	87357.0
2	1	2	87357.0	87357.0
3	1	2	87357.0	87357.0
0	0	4	91757.0	91757.0
0	4	3	87329.0	87329.0
1	0	4	91757.0	91757.0
1	4	3	87329.0	87329.0
2	0	4	91757.0	91757.0
2	4	3	87329.0	87329.0
3	0	4	91757.0	91757.0
3	4	3	87329.0	87329.0
0	0	6	69437.0	69437.0
0	6	3	67838.0	67838.0
1	0	6	69437.0	69437.0
1	6	3	67838.0	67838.0
2	0	6	69437.0	69437.0
2	6	3	67838.0	67838.0
3	0	6	69437.0	69437.0
3	6	3	67838.0	67838.0
0	4	5	69305.0	69305.0
1	4	5	69305.0	69305.0
2	4	5	69305.0	69305.0
3	4	5	69305.0	69305.0
0	6	5	104609.0	104609.0
1	6	5	104609.0	104609.0
2	6	5	104609.0	104609.0
3	6	5	104609.0	104609.0
0	0	7	71679.0	71679.0
1	0	7	71679.0	71679.0
2	0	7	71679.0	71679.0
3	0	7	71679.0	71679.0
0	0	9	165018.0	165018.0
0	9	8	56841.0	56841.0
1	0	9	165018.0	165018.0
1	9	8	56841.0	56841.0
2	0	9	165018.0	165018.0
2	9	8	56841.0	56841.0
3	0	9	165018.0	165018.0
3	9	8	56841.0	56841.0
0	7	8	105210.0	105210.0
1	7	8	105210.0	105210.0
2	7	8	105210.0	105210.0
3	7	8	105210.0	105210.0
0	1	0	156072.0	156072.0
1	1	0	156072.0	156072.0
2	1	0	156072.0	156072.0
3	1	0	156072.0	156072.0
0	2	3	60939.0	60939.0
1	2	3	60939.0	60939.0
2	2	3	60939.0	60939.0
3	2	3	60939.0	60939.0
0	1	4	66027.0	66027.0
1	1	4	66027.0	66027.0
2	1	4	66027.0	66027.0
3	1	4	66027.0	66027.0
0	2	1	79611.0	79611.0
1	2	1	79611.0	79611.0
2	2	1	79611.0	79611.0
3	2	1	79611.0	79611.0
0	3	4	65447.0	65447.0
1	3	4	65447.0	65447.0
2	3	4	65447.0	65447.0
3	3	4	65447.0	65447.0
0	3	6	95948.0	95948.0
1	3	6	95948.0	95948.0
2	3	6	95948.0	95948.0
3	3	6	95948.0	95948.0
0	6	7	136506.0	136506.0
1	6	7	136506.0	136506.0
2	6	7	136506.0	136506.0
3	6	7	136506.0	136506.0
0	4	0	109877.0	109877.0
1	4	0	109877.0	109877.0
2	4	0	109877.0	109877.0
3	4	0	109877.0	109877.0
0	6	0	64247.0	64247.0
1	6	0	64247.0	64247.0
2	6	0	64247.0	64247.0
3	6	0	64247.0	64247.0
0	3	2	75453.0	75453.0
1	3	2	75453.0	75453.0
2	3	2	75453.0	75453.0
3	3	2	75453.0	75453.0
0	4	1	43356.0	43356.0
1	4	1	43356.0	43356.0
2	4	1	43356.0	43356.0
3	4	1	43356.0	43356.0
0	5	6	110942.0	110942.0
1	5	6	110942.0	110942.0
2	5	6	110942.0	110942.0
3	5	6	110942.0	110942.0
0	5	4	90050.0	90050.0
1	5	4	90050.0	90050.0
2	5	4	90050.0	90050.0
3	5	4	90050.0	90050.0
0	7	0	72588.0	72588.0
1	7	0	72588.0	72588.0
2	7	0	72588.0	72588.0
3	7	0	72588.0	72588.0
0	7	6	103047.0	103047.0
1	7	6	103047.0	103047.0
2	7	6	103047.0	103047.0
3	7	6	103047.0	103047.0
0	8	9	24393.0	24393.0
1	8	9	24393.0	24393.0
2	8	9	24393.0	24393.0
3	8	9	24393.0	24393.0
0	8	7	123252.0	123252.0
1	8	7	123252.0	123252.0
2	8	7	123252.0	123252.0
3	8	7	123252.0	123252.0
0	9	0	112938.0	112938.0
1	9	0	112938.0	112938.0
2	9	0	112938.0	112938.0
3	9	0	112938.0	112938.0
