-----------------------------------------------------
-----     Resultados    -----
-----------------------------------------------------

Parametro Deficit (alfa): 1.0
Parametro Exceso (beta):  1.0
Parametro de probabilidades (epsilon): 0.0
CPU time: 0.063
p	q	g Estimada	g Exacta	g Referencia	Deficit	Exceso
0	1	128439.0	123444.0	126940.0	-0.0	 	1499.0
0	2	268068.0	263844.0	263840.0	-0.0	 	4228.0
0	3	250272.0	250272.0	250270.0	0.0	 	2.0
0	4	173448.0	173448.0	173450.0	2.0	 	0.0
0	5	259485.0	268992.0	268990.0	9505.0	 	0.0
0	6	243612.0	243612.0	243610.0	-0.0	 	2.0
0	7	191649.0	190548.0	207330.0	15681.0	 	0.0
0	8	7890.0	7632.0	7632.0	0.0	 	258.0
0	9	103281.0	103284.0	103280.0	-0.0	 	1.0
0	10	97668.0	93420.0	97666.0	-0.0	 	2.0
0	11	201102.0	201096.0	201100.0	-0.0	 	2.0
0	12	68376.0	76824.0	76824.0	8448.0	 	0.0
0	13	134790.0	134784.0	147450.0	12660.0	 	0.0
0	14	175929.0	175932.0	175930.0	1.0	 	0.0
0	15	192240.0	192240.0	192240.0	0.0	 	0.0
1	0	59376.0	58968.0	58968.0	0.0	 	408.0
1	2	294003.0	272592.0	297420.0	3417.0	 	0.0
1	3	262371.0	262368.0	262370.0	-0.0	 	1.0
1	4	267618.0	267624.0	267620.0	2.0	 	0.0
1	5	125970.0	119412.0	125970.0	0.0	 	0.0
1	6	200019.0	220248.0	224740.0	24721.0	 	0.0
1	7	10383.0	11664.0	11664.0	1281.0	 	0.0
1	8	215571.0	215568.0	215570.0	-0.0	 	1.0
1	9	72612.0	72612.0	72612.0	0.0	 	0.0
1	10	172731.0	172728.0	172730.0	-0.0	 	1.0
1	11	79812.0	77076.0	77076.0	0.0	 	2736.0
1	12	169362.0	171720.0	171720.0	2358.0	 	0.0
1	13	26172.0	26172.0	26172.0	0.0	 	0.0
1	14	144828.0	144828.0	144830.0	2.0	 	0.0
1	15	99900.0	99900.0	99900.0	0.0	 	0.0
2	0	9150.0	8244.0	8244.0	0.0	 	906.0
2	1	56883.0	56880.0	56880.0	0.0	 	3.0
2	3	215388.0	215388.0	215390.0	2.0	 	0.0
2	4	223815.0	210816.0	210820.0	-0.0	 	12995.0
2	5	84528.0	84528.0	84528.0	0.0	 	0.0
2	6	28491.0	25668.0	25668.0	0.0	 	2823.0
2	7	95184.0	95184.0	95184.0	0.0	 	0.0
2	8	114438.0	114444.0	114440.0	2.0	 	0.0
2	9	248979.0	248976.0	248980.0	1.0	 	0.0
2	10	286320.0	286308.0	288920.0	2600.0	 	0.0
2	11	14100.0	15840.0	15840.0	1740.0	 	0.0
2	12	272349.0	260496.0	272350.0	1.0	 	0.0
2	13	68832.0	71964.0	71964.0	3132.0	 	0.0
2	14	246702.0	237888.0	255700.0	8998.0	 	0.0
2	15	261138.0	261144.0	261140.0	2.0	 	0.0
3	0	79218.0	77472.0	77472.0	0.0	 	1746.0
3	1	33447.0	33444.0	33444.0	0.0	 	3.0
3	2	233913.0	229824.0	229820.0	-0.0	 	4093.0
3	4	136692.0	136692.0	136690.0	-0.0	 	2.0
3	5	25092.0	25092.0	25092.0	0.0	 	0.0
3	6	175098.0	175104.0	175100.0	2.0	 	0.0
3	7	59778.0	53856.0	53856.0	0.0	 	5922.0
3	8	108402.0	108396.0	108400.0	-0.0	 	2.0
3	9	32178.0	31968.0	31968.0	0.0	 	210.0
3	10	9645.0	9648.0	9648.0	3.0	 	0.0
3	11	232725.0	235692.0	235690.0	2965.0	 	0.0
3	12	172482.0	172476.0	172480.0	0.0	 	2.0
3	13	272412.0	272412.0	272410.0	-0.0	 	2.0
3	14	82434.0	85392.0	85392.0	2958.0	 	0.0
3	15	187779.0	187776.0	187780.0	1.0	 	0.0
4	0	24792.0	27252.0	27850.0	3058.0	 	0.0
4	1	37296.0	37296.0	37296.0	0.0	 	0.0
4	2	216369.0	211896.0	216370.0	1.0	 	0.0
4	3	285660.0	285660.0	285660.0	0.0	 	0.0
4	5	239541.0	239544.0	239540.0	-0.0	 	1.0
4	6	216426.0	199188.0	199190.0	-0.0	 	17236.0
4	7	1956.0	1764.0	1764.0	0.0	 	192.0
4	8	104940.0	104940.0	104940.0	0.0	 	0.0
4	9	65628.0	65628.0	65628.0	0.0	 	0.0
4	10	282456.0	280980.0	300620.0	18164.0	 	0.0
4	11	23904.0	23904.0	23904.0	0.0	 	0.0
4	12	169950.0	176256.0	176260.0	6310.0	 	0.0
4	13	96273.0	90504.0	96273.0	0.0	 	0.0
4	14	114546.0	120528.0	120530.0	5984.0	 	0.0
4	15	154980.0	154980.0	154980.0	0.0	 	0.0
5	0	36288.0	36288.0	36288.0	0.0	 	0.0
5	1	31047.0	34884.0	34884.0	3837.0	 	0.0
5	2	77436.0	77436.0	77436.0	0.0	 	0.0
5	3	195609.0	183204.0	195610.0	1.0	 	0.0
5	4	204231.0	204228.0	204230.0	-0.0	 	1.0
5	6	169497.0	169128.0	181720.0	12223.0	 	0.0
5	7	191202.0	191196.0	191200.0	-0.0	 	2.0
5	8	227616.0	228348.0	228350.0	734.0	 	0.0
5	9	115290.0	113472.0	115290.0	0.0	 	0.0
5	10	223857.0	226728.0	226730.0	2873.0	 	0.0
5	11	216147.0	230472.0	230470.0	14323.0	 	0.0
5	12	144720.0	135180.0	144720.0	0.0	 	0.0
5	13	53964.0	53964.0	53964.0	0.0	 	0.0
5	14	219636.0	219636.0	219640.0	4.0	 	0.0
5	15	89097.0	89100.0	89100.0	3.0	 	0.0
6	0	165573.0	159372.0	168770.0	3197.0	 	0.0
6	1	74610.0	77544.0	79157.0	4547.0	 	0.0
6	2	23838.0	22356.0	24585.0	747.0	 	0.0
6	3	254376.0	257328.0	257330.0	2954.0	 	0.0
6	4	65736.0	65736.0	65736.0	0.0	 	0.0
6	5	220320.0	216864.0	216860.0	-0.0	 	3460.0
6	7	240261.0	240264.0	240260.0	-0.0	 	1.0
6	8	179643.0	179280.0	179280.0	0.0	 	363.0
6	9	284442.0	284436.0	284440.0	0.0	 	2.0
6	10	6480.0	6480.0	6480.0	0.0	 	0.0
6	11	174312.0	175176.0	175180.0	868.0	 	0.0
6	12	112119.0	116928.0	116930.0	4811.0	 	0.0
6	13	157719.0	157716.0	157720.0	1.0	 	0.0
6	14	194826.0	194832.0	194830.0	4.0	 	0.0
6	15	24924.0	25452.0	25452.0	528.0	 	0.0
7	0	177801.0	177804.0	177800.0	-0.0	 	1.0
7	1	58068.0	58068.0	58068.0	0.0	 	0.0
7	2	180780.0	183924.0	183920.0	3140.0	 	0.0
7	3	14934.0	16776.0	16776.0	1842.0	 	0.0
7	4	224634.0	223056.0	223060.0	-0.0	 	1574.0
7	5	52638.0	52164.0	52164.0	0.0	 	474.0
7	6	142851.0	142848.0	142850.0	-0.0	 	1.0
7	8	255909.0	254988.0	254990.0	-0.0	 	919.0
7	9	170958.0	172764.0	172760.0	1802.0	 	0.0
7	10	205380.0	205380.0	205380.0	0.0	 	0.0
7	11	216288.0	199476.0	216290.0	2.0	 	0.0
7	12	220929.0	220932.0	220930.0	1.0	 	0.0
7	13	166032.0	166068.0	166070.0	38.0	 	0.0
7	14	41184.0	41184.0	41184.0	0.0	 	0.0
7	15	203148.0	203148.0	203150.0	2.0	 	0.0
8	0	194280.0	204192.0	204190.0	9910.0	 	0.0
8	1	116838.0	110952.0	116840.0	2.0	 	0.0
8	2	112638.0	112644.0	112640.0	2.0	 	0.0
8	3	71244.0	71244.0	71244.0	0.0	 	0.0
8	4	120558.0	120564.0	120560.0	2.0	 	0.0
8	5	199512.0	197604.0	199510.0	0.0	 	2.0
8	6	201558.0	194112.0	201560.0	2.0	 	0.0
8	7	176742.0	171108.0	176740.0	-0.0	 	2.0
8	9	257007.0	255492.0	255490.0	-0.0	 	1517.0
8	10	47271.0	47268.0	47268.0	0.0	 	3.0
8	11	94026.0	97272.0	97272.0	3246.0	 	0.0
8	12	149718.0	149724.0	149720.0	2.0	 	0.0
8	13	122151.0	122148.0	122150.0	-0.0	 	1.0
8	14	222120.0	222120.0	222120.0	0.0	 	0.0
8	15	163146.0	163152.0	163150.0	4.0	 	0.0
9	0	261822.0	262512.0	262510.0	688.0	 	0.0
9	1	72756.0	72756.0	72756.0	0.0	 	0.0
9	2	50649.0	50652.0	50652.0	3.0	 	0.0
9	3	149616.0	149616.0	149620.0	4.0	 	0.0
9	4	120201.0	120204.0	120200.0	-0.0	 	1.0
9	5	137091.0	137088.0	137090.0	-0.0	 	1.0
9	6	271260.0	271260.0	271260.0	0.0	 	0.0
9	7	78444.0	78444.0	78444.0	0.0	 	0.0
9	8	66204.0	66204.0	66204.0	0.0	 	0.0
9	10	24444.0	24444.0	24444.0	0.0	 	0.0
9	11	257907.0	256284.0	260500.0	2593.0	 	0.0
9	12	215856.0	215856.0	215860.0	4.0	 	0.0
9	13	215682.0	215676.0	215680.0	-0.0	 	2.0
9	14	144180.0	144180.0	144180.0	0.0	 	0.0
9	15	228183.0	227376.0	232310.0	4127.0	 	0.0
10	0	33552.0	33552.0	33552.0	0.0	 	0.0
10	1	268062.0	268056.0	268060.0	-0.0	 	2.0
10	2	60696.0	60696.0	60696.0	0.0	 	0.0
10	3	5868.0	5868.0	5868.0	0.0	 	0.0
10	4	242751.0	242748.0	242750.0	-0.0	 	1.0
10	5	192483.0	192492.0	192490.0	7.0	 	0.0
10	6	98127.0	106524.0	106520.0	8393.0	 	0.0
10	7	168960.0	167580.0	168960.0	0.0	 	0.0
10	8	176988.0	168588.0	168590.0	-0.0	 	8398.0
10	9	251031.0	251028.0	251030.0	-0.0	 	1.0
10	11	145269.0	142992.0	145270.0	1.0	 	0.0
10	12	76212.0	76212.0	76212.0	0.0	 	0.0
10	13	183168.0	183168.0	183170.0	2.0	 	0.0
10	14	47376.0	47376.0	47376.0	0.0	 	0.0
10	15	286842.0	287640.0	287640.0	798.0	 	0.0
11	0	248361.0	248364.0	248360.0	-0.0	 	1.0
11	1	184929.0	184932.0	184930.0	1.0	 	0.0
11	2	208080.0	208080.0	208080.0	0.0	 	0.0
11	3	196200.0	196200.0	196200.0	0.0	 	0.0
11	4	139680.0	139680.0	139680.0	0.0	 	0.0
11	5	175239.0	175752.0	175750.0	511.0	 	0.0
11	6	143535.0	143712.0	143710.0	175.0	 	0.0
11	7	104868.0	104868.0	104870.0	2.0	 	0.0
11	8	156018.0	156024.0	156020.0	2.0	 	0.0
11	9	23256.0	23256.0	23256.0	0.0	 	0.0
11	10	106491.0	106488.0	106490.0	-0.0	 	1.0
11	12	58650.0	58644.0	58644.0	0.0	 	6.0
11	13	157902.0	157896.0	157900.0	-0.0	 	2.0
11	14	139638.0	139644.0	139640.0	2.0	 	0.0
11	15	5976.0	5976.0	5976.0	0.0	 	0.0
12	0	47922.0	47916.0	47916.0	0.0	 	6.0
12	1	134418.0	131292.0	134440.0	22.0	 	0.0
12	2	207939.0	207936.0	207940.0	1.0	 	0.0
12	3	74304.0	74304.0	74304.0	0.0	 	0.0
12	4	283362.0	283356.0	283360.0	0.0	 	2.0
12	5	277560.0	277560.0	277560.0	0.0	 	0.0
12	6	155340.0	155340.0	155340.0	0.0	 	0.0
12	7	268269.0	268272.0	268270.0	1.0	 	0.0
12	8	31896.0	31896.0	31896.0	0.0	 	0.0
12	9	123234.0	123228.0	124530.0	1296.0	 	0.0
12	10	185151.0	185148.0	185150.0	-0.0	 	1.0
12	11	269100.0	261612.0	273100.0	4000.0	 	0.0
12	13	183816.0	183816.0	183820.0	4.0	 	0.0
12	14	159408.0	159408.0	159410.0	2.0	 	0.0
12	15	22536.0	22536.0	22536.0	0.0	 	0.0
13	0	194976.0	194976.0	202800.0	7824.0	 	0.0
13	1	30240.0	30240.0	30240.0	0.0	 	0.0
13	2	268668.0	268668.0	268670.0	2.0	 	0.0
13	3	21912.0	23472.0	23472.0	1560.0	 	0.0
13	4	22035.0	22212.0	22212.0	177.0	 	0.0
13	5	122832.0	122832.0	122830.0	-0.0	 	2.0
13	6	122151.0	122148.0	122150.0	-0.0	 	1.0
13	7	212688.0	212688.0	212690.0	2.0	 	0.0
13	8	107391.0	107388.0	107390.0	-0.0	 	1.0
13	9	115161.0	115164.0	115160.0	-0.0	 	1.0
13	10	240552.0	240552.0	240550.0	0.0	 	2.0
13	11	258972.0	255960.0	255960.0	0.0	 	3012.0
13	12	175812.0	174636.0	174640.0	-0.0	 	1172.0
13	14	277596.0	277416.0	279710.0	2114.0	 	0.0
13	15	103998.0	104004.0	104000.0	2.0	 	0.0
14	0	6870.0	6192.0	6192.0	0.0	 	678.0
14	1	148248.0	148248.0	148250.0	2.0	 	0.0
14	2	90252.0	90252.0	90252.0	0.0	 	0.0
14	3	116928.0	116928.0	116930.0	2.0	 	0.0
14	4	218340.0	218340.0	218340.0	0.0	 	0.0
14	5	240234.0	240228.0	240230.0	0.0	 	4.0
14	6	3474.0	3132.0	3132.0	0.0	 	342.0
14	7	88740.0	88740.0	88740.0	0.0	 	0.0
14	8	212001.0	212004.0	212000.0	-0.0	 	1.0
14	9	43488.0	43488.0	43488.0	0.0	 	0.0
14	10	197637.0	197640.0	197640.0	3.0	 	0.0
14	11	204390.0	215892.0	215890.0	11500.0	 	0.0
14	12	246900.0	236916.0	255460.0	8560.0	 	0.0
14	13	10800.0	10800.0	10800.0	0.0	 	0.0
14	15	158646.0	158112.0	158110.0	-0.0	 	536.0
15	0	74556.0	74556.0	74556.0	0.0	 	0.0
15	1	246891.0	246888.0	246890.0	-0.0	 	1.0
15	2	107892.0	107892.0	107890.0	0.0	 	2.0
15	3	105981.0	105984.0	105980.0	-0.0	 	1.0
15	4	99216.0	99216.0	99216.0	0.0	 	0.0
15	5	150732.0	150732.0	150730.0	-0.0	 	2.0
15	6	37116.0	37116.0	37116.0	0.0	 	0.0
15	7	121182.0	121176.0	121180.0	-0.0	 	2.0
15	8	114882.0	114876.0	114880.0	0.0	 	2.0
15	9	253938.0	253944.0	253940.0	2.0	 	0.0
15	10	10182.0	10188.0	10188.0	6.0	 	0.0
15	11	262509.0	262512.0	262510.0	1.0	 	0.0
15	12	210240.0	210240.0	210240.0	0.0	 	0.0
15	13	284259.0	284256.0	284260.0	1.0	 	0.0
15	14	190041.0	190044.0	190040.0	-0.0	 	1.0

l	i	j	v Observado	v Estimado
0	0	1	330132.0	330132.0
1	0	1	330132.0	330132.0
2	0	1	330132.0	330132.0
0	0	2	285600.0	285600.0
1	0	2	285600.0	285600.0
2	0	2	285600.0	285600.0
0	1	3	509508.0	509508.0
1	1	3	509508.0	509508.0
2	1	3	509508.0	509508.0
0	2	3	225846.0	225846.0
1	2	3	225846.0	225846.0
2	2	3	225846.0	225846.0
0	2	4	423786.0	423786.0
1	2	4	423786.0	423786.0
2	2	4	423786.0	423786.0
0	0	14	231546.0	231546.0
0	14	4	268926.0	268926.0
1	0	14	231546.0	231546.0
1	14	4	268926.0	268926.0
2	0	14	231546.0	231546.0
2	14	4	268926.0	268926.0
0	3	5	254244.0	254244.0
1	3	5	254244.0	254244.0
2	3	5	254244.0	254244.0
0	4	6	276768.0	276768.0
1	4	6	276768.0	276768.0
2	4	6	276768.0	276768.0
0	14	7	373062.0	373062.0
1	14	7	373062.0	373062.0
2	14	7	373062.0	373062.0
0	3	8	209556.0	209556.0
1	3	8	209556.0	209556.0
2	3	8	209556.0	209556.0
0	1	13	396954.0	396954.0
0	13	9	347388.0	347388.0
1	1	13	396954.0	396954.0
1	13	9	347388.0	347388.0
2	1	13	396954.0	396954.0
2	13	9	347388.0	347388.0
0	3	10	421524.0	421524.0
1	3	10	421524.0	421524.0
2	3	10	421524.0	421524.0
0	13	11	341622.0	341622.0
1	13	11	341622.0	341622.0
2	13	11	341622.0	341622.0
0	2	12	267234.0	267234.0
1	2	12	267234.0	267234.0
2	2	12	267234.0	267234.0
0	14	12	247116.0	247116.0
1	14	12	247116.0	247116.0
2	14	12	247116.0	247116.0
0	0	15	130068.0	130068.0
0	15	13	343554.0	343554.0
1	0	15	130068.0	130068.0
1	15	13	343554.0	343554.0
2	0	15	130068.0	130068.0
2	15	13	343554.0	343554.0
0	1	0	60594.0	60594.0
1	1	0	60594.0	60594.0
2	1	0	60594.0	60594.0
0	1	2	300264.0	300264.0
1	1	2	300264.0	300264.0
2	1	2	300264.0	300264.0
0	3	4	237708.0	237708.0
1	3	4	237708.0	237708.0
2	3	4	237708.0	237708.0
0	13	12	323850.0	323850.0
1	13	12	323850.0	323850.0
2	13	12	323850.0	323850.0
0	1	15	163554.0	163554.0
0	15	14	281148.0	281148.0
1	1	15	163554.0	163554.0
1	15	14	281148.0	281148.0
2	1	15	163554.0	163554.0
2	15	14	281148.0	281148.0
0	2	0	157488.0	157488.0
1	2	0	157488.0	157488.0
2	2	0	157488.0	157488.0
0	2	1	185568.0	185568.0
1	2	1	185568.0	185568.0
2	2	1	185568.0	185568.0
0	4	5	133974.0	133974.0
1	4	5	133974.0	133974.0
2	4	5	133974.0	133974.0
0	4	7	84648.0	84648.0
1	4	7	84648.0	84648.0
2	4	7	84648.0	84648.0
0	12	7	372012.0	372012.0
1	12	7	372012.0	372012.0
2	12	7	372012.0	372012.0
0	12	10	236502.0	236502.0
1	12	10	236502.0	236502.0
2	12	10	236502.0	236502.0
0	12	11	149004.0	149004.0
1	12	11	149004.0	149004.0
2	12	11	149004.0	149004.0
0	12	13	119442.0	119442.0
1	12	13	119442.0	119442.0
2	12	13	119442.0	119442.0
0	4	14	311424.0	311424.0
1	4	14	311424.0	311424.0
2	4	14	311424.0	311424.0
0	3	2	229752.0	229752.0
1	3	2	229752.0	229752.0
2	3	2	229752.0	229752.0
0	3	1	366840.0	366840.0
1	3	1	366840.0	366840.0
2	3	1	366840.0	366840.0
0	5	6	123618.0	123618.0
1	5	6	123618.0	123618.0
2	5	6	123618.0	123618.0
0	5	7	269022.0	269022.0
1	5	7	269022.0	269022.0
2	5	7	269022.0	269022.0
0	8	9	222018.0	222018.0
1	8	9	222018.0	222018.0
2	8	9	222018.0	222018.0
0	10	9	243342.0	243342.0
1	10	9	243342.0	243342.0
2	10	9	243342.0	243342.0
0	10	11	184686.0	184686.0
1	10	11	184686.0	184686.0
2	10	11	184686.0	184686.0
0	10	12	152172.0	152172.0
1	10	12	152172.0	152172.0
2	10	12	152172.0	152172.0
0	4	2	173874.0	173874.0
1	4	2	173874.0	173874.0
2	4	2	173874.0	173874.0
0	14	0	390030.0	390030.0
1	14	0	390030.0	390030.0
2	14	0	390030.0	390030.0
0	4	3	294450.0	294450.0
1	4	3	294450.0	294450.0
2	4	3	294450.0	294450.0
0	6	8	164874.0	164874.0
1	6	8	164874.0	164874.0
2	6	8	164874.0	164874.0
0	7	9	286422.0	286422.0
1	7	9	286422.0	286422.0
2	7	9	286422.0	286422.0
0	7	11	225888.0	225888.0
1	7	11	225888.0	225888.0
2	7	11	225888.0	225888.0
0	7	12	278640.0	278640.0
1	7	12	278640.0	278640.0
2	7	12	278640.0	278640.0
0	14	13	147372.0	147372.0
1	14	13	147372.0	147372.0
2	14	13	147372.0	147372.0
0	14	15	265920.0	265920.0
1	14	15	265920.0	265920.0
2	14	15	265920.0	265920.0
0	5	4	177372.0	177372.0
1	5	4	177372.0	177372.0
2	5	4	177372.0	177372.0
0	5	3	270768.0	270768.0
1	5	3	270768.0	270768.0
2	5	3	270768.0	270768.0
0	7	14	545874.0	545874.0
1	7	14	545874.0	545874.0
2	7	14	545874.0	545874.0
0	6	7	371514.0	371514.0
1	6	7	371514.0	371514.0
2	6	7	371514.0	371514.0
0	6	5	173958.0	173958.0
1	6	5	173958.0	173958.0
2	6	5	173958.0	173958.0
0	6	4	124818.0	124818.0
1	6	4	124818.0	124818.0
2	6	4	124818.0	124818.0
0	8	10	77100.0	77100.0
1	8	10	77100.0	77100.0
2	8	10	77100.0	77100.0
0	9	13	470532.0	470532.0
1	9	13	470532.0	470532.0
2	9	13	470532.0	470532.0
0	7	8	236508.0	236508.0
0	8	3	196284.0	196284.0
1	7	8	236508.0	236508.0
1	8	3	196284.0	196284.0
2	7	8	236508.0	236508.0
2	8	3	196284.0	196284.0
0	7	4	211728.0	211728.0
1	7	4	211728.0	211728.0
2	7	4	211728.0	211728.0
0	12	2	328740.0	328740.0
1	12	2	328740.0	328740.0
2	12	2	328740.0	328740.0
0	7	5	381144.0	381144.0
1	7	5	381144.0	381144.0
2	7	5	381144.0	381144.0
0	7	6	246120.0	246120.0
1	7	6	246120.0	246120.0
2	7	6	246120.0	246120.0
0	9	10	103290.0	103290.0
1	9	10	103290.0	103290.0
2	9	10	103290.0	103290.0
0	8	7	286494.0	286494.0
1	8	7	286494.0	286494.0
2	8	7	286494.0	286494.0
0	8	6	198450.0	198450.0
1	8	6	198450.0	198450.0
2	8	6	198450.0	198450.0
0	9	11	101640.0	101640.0
1	9	11	101640.0	101640.0
2	9	11	101640.0	101640.0
0	13	15	271776.0	271776.0
1	13	15	271776.0	271776.0
2	13	15	271776.0	271776.0
0	9	7	332562.0	332562.0
1	9	7	332562.0	332562.0
2	9	7	332562.0	332562.0
0	13	1	195168.0	195168.0
1	13	1	195168.0	195168.0
2	13	1	195168.0	195168.0
0	9	8	190044.0	190044.0
1	9	8	190044.0	190044.0
2	9	8	190044.0	190044.0
0	10	3	349224.0	349224.0
1	10	3	349224.0	349224.0
2	10	3	349224.0	349224.0
0	13	14	215124.0	215124.0
1	13	14	215124.0	215124.0
2	13	14	215124.0	215124.0
0	12	14	245142.0	245142.0
1	12	14	245142.0	245142.0
2	12	14	245142.0	245142.0
0	10	8	123024.0	123024.0
1	10	8	123024.0	123024.0
2	10	8	123024.0	123024.0
0	11	7	215934.0	215934.0
1	11	7	215934.0	215934.0
2	11	7	215934.0	215934.0
0	11	13	170070.0	170070.0
1	11	13	170070.0	170070.0
2	11	13	170070.0	170070.0
0	11	12	194970.0	194970.0
1	11	12	194970.0	194970.0
2	11	12	194970.0	194970.0
0	11	10	166992.0	166992.0
1	11	10	166992.0	166992.0
2	11	10	166992.0	166992.0
0	11	9	54294.0	54294.0
1	11	9	54294.0	54294.0
2	11	9	54294.0	54294.0
0	15	0	75330.0	75330.0
1	15	0	75330.0	75330.0
2	15	0	75330.0	75330.0
0	15	1	160314.0	160314.0
1	15	1	160314.0	160314.0
2	15	1	160314.0	160314.0
