-----------------------------------------------------
-----     Resultados    -----
-----------------------------------------------------

Parametro Deficit (alfa): 1.0
Parametro Exceso (beta):  1.0
Parametro de probabilidades (epsilon): 0.0
CPU time: 0.039
p	q	g Estimada	g Exacta	g Referencia	Deficit	Exceso
0	1	64272.0	64272.0	64272.0	0.0	 	0.0
0	2	95405.0	94404.0	94404.0	0.0	 	1001.0
0	3	68336.0	64248.0	68335.0	0.0	 	1.0
0	4	4548.0	4548.0	4548.0	0.0	 	0.0
0	5	103310.0	105312.0	105310.0	2000.0	 	0.0
0	6	92492.0	96660.0	96660.0	4168.0	 	0.0
0	7	20260.0	22764.0	22764.0	2504.0	 	0.0
0	8	76200.0	76200.0	76200.0	0.0	 	0.0
0	9	101909.0	99984.0	99984.0	0.0	 	1925.0
0	10	62136.0	62136.0	62136.0	0.0	 	0.0
0	11	38376.0	38376.0	38376.0	0.0	 	0.0
0	12	31164.0	31164.0	31164.0	0.0	 	0.0
0	13	85056.0	85056.0	85056.0	0.0	 	0.0
0	14	76028.0	76020.0	80782.0	4754.0	 	0.0
0	15	81192.0	81192.0	81192.0	0.0	 	0.0
0	16	105920.0	105924.0	105920.0	0.0	 	0.0
0	17	20992.0	18912.0	18912.0	0.0	 	2080.0
1	0	34668.0	34668.0	34668.0	0.0	 	0.0
1	2	90119.0	91116.0	91116.0	997.0	 	0.0
1	3	8904.0	8904.0	8904.0	0.0	 	0.0
1	4	17772.0	17772.0	17772.0	0.0	 	0.0
1	5	91618.0	89616.0	94800.0	3182.0	 	0.0
1	6	79740.0	79740.0	79740.0	0.0	 	0.0
1	7	70212.0	70212.0	70212.0	0.0	 	0.0
1	8	100360.0	100356.0	100360.0	0.0	 	0.0
1	9	94236.0	94236.0	94236.0	0.0	 	0.0
1	10	66964.0	66972.0	66972.0	8.0	 	0.0
1	11	37692.0	37692.0	37692.0	0.0	 	0.0
1	12	88200.0	88200.0	88200.0	0.0	 	0.0
1	13	83304.0	83304.0	83304.0	0.0	 	0.0
1	14	9288.0	9288.0	9288.0	0.0	 	0.0
1	15	41772.0	41772.0	41772.0	0.0	 	0.0
1	16	11928.0	11928.0	11928.0	0.0	 	0.0
1	17	61860.0	61860.0	61860.0	0.0	 	0.0
2	0	60803.0	60324.0	60741.0	0.0	 	62.0
2	1	107566.0	107616.0	107620.0	54.0	 	0.0
2	3	67716.0	67716.0	67716.0	0.0	 	0.0
2	4	6204.0	6204.0	6204.0	0.0	 	0.0
2	5	75516.0	75516.0	75516.0	0.0	 	0.0
2	6	53112.0	53112.0	53112.0	0.0	 	0.0
2	7	37044.0	37044.0	37044.0	0.0	 	0.0
2	8	69696.0	69696.0	69696.0	0.0	 	0.0
2	9	11424.0	11424.0	11424.0	0.0	 	0.0
2	10	41052.0	41052.0	41052.0	0.0	 	0.0
2	11	7392.0	7392.0	7392.0	0.0	 	0.0
2	12	66812.0	65604.0	70675.0	3863.0	 	0.0
2	13	46044.0	46044.0	46044.0	0.0	 	0.0
2	14	43128.0	43128.0	43128.0	0.0	 	0.0
2	15	79804.0	79704.0	87355.0	7551.0	 	0.0
2	16	74532.0	74532.0	74532.0	0.0	 	0.0
2	17	54828.0	54828.0	54828.0	0.0	 	0.0
3	0	34152.0	34152.0	34152.0	0.0	 	0.0
3	1	5930.0	5880.0	5930.0	0.0	 	0.0
3	2	78498.0	77292.0	77292.0	0.0	 	1206.0
3	4	26154.0	24948.0	24948.0	0.0	 	1206.0
3	5	16152.0	16152.0	16152.0	0.0	 	0.0
3	6	47957.0	46452.0	46452.0	0.0	 	1505.0
3	7	13428.0	13428.0	13428.0	0.0	 	0.0
3	8	99912.0	99912.0	99912.0	0.0	 	0.0
3	9	89682.0	88524.0	89683.0	1.0	 	0.0
3	10	18756.0	18756.0	18756.0	0.0	 	0.0
3	11	48996.0	48996.0	48996.0	0.0	 	0.0
3	12	45972.0	48384.0	51653.0	5681.0	 	0.0
3	13	3252.0	3252.0	3252.0	0.0	 	0.0
3	14	42540.0	42540.0	42540.0	0.0	 	0.0
3	15	103352.0	103452.0	103450.0	98.0	 	0.0
3	16	4128.0	4128.0	4128.0	0.0	 	0.0
3	17	7308.0	7308.0	7308.0	0.0	 	0.0
4	0	50590.0	51648.0	51648.0	1058.0	 	0.0
4	1	6564.0	6564.0	6564.0	0.0	 	0.0
4	2	76591.0	76056.0	78135.0	1544.0	 	0.0
4	3	8425.0	7896.0	8432.0	7.0	 	0.0
4	5	16614.0	16620.0	16620.0	6.0	 	0.0
4	6	3425.0	3384.0	3425.0	0.0	 	0.0
4	7	88128.0	88128.0	88128.0	0.0	 	0.0
4	8	96132.0	96132.0	105730.0	9598.0	 	0.0
4	9	31234.0	31320.0	31502.0	268.0	 	0.0
4	10	63720.0	63720.0	63720.0	0.0	 	0.0
4	11	11700.0	11700.0	11700.0	0.0	 	0.0
4	12	78649.0	77400.0	83563.0	4914.0	 	0.0
4	13	91404.0	91404.0	91404.0	0.0	 	0.0
4	14	56016.0	56004.0	61359.0	5343.0	 	0.0
4	15	8136.0	8136.0	8136.0	0.0	 	0.0
4	16	81744.0	81744.0	81744.0	0.0	 	0.0
4	17	97036.0	97044.0	97044.0	8.0	 	0.0
5	0	30852.0	30852.0	30852.0	0.0	 	0.0
5	1	82656.0	82656.0	82656.0	0.0	 	0.0
5	2	64128.0	64128.0	64128.0	0.0	 	0.0
5	3	29064.0	29064.0	29064.0	0.0	 	0.0
5	4	14388.0	14388.0	14388.0	0.0	 	0.0
5	6	50556.0	50556.0	50556.0	0.0	 	0.0
5	7	57744.0	57744.0	57744.0	0.0	 	0.0
5	8	77400.0	77400.0	77400.0	0.0	 	0.0
5	9	64308.0	64308.0	64308.0	0.0	 	0.0
5	10	106408.0	106404.0	111260.0	4852.0	 	0.0
5	11	276.0	276.0	276.0	0.0	 	0.0
5	12	70752.0	70752.0	70752.0	0.0	 	0.0
5	13	63924.0	63924.0	63924.0	0.0	 	0.0
5	14	22248.0	22248.0	22248.0	0.0	 	0.0
5	15	24660.0	24660.0	24660.0	0.0	 	0.0
5	16	26376.0	26376.0	26376.0	0.0	 	0.0
5	17	9828.0	9828.0	9828.0	0.0	 	0.0
6	0	85740.0	85740.0	85740.0	0.0	 	0.0
6	1	10812.0	10812.0	10812.0	0.0	 	0.0
6	2	3848.0	3852.0	3852.0	4.0	 	0.0
6	3	52188.0	52188.0	52188.0	0.0	 	0.0
6	4	6266.0	6264.0	6264.0	0.0	 	2.0
6	5	13994.0	13992.0	13992.0	0.0	 	2.0
6	7	26520.0	26520.0	26520.0	0.0	 	0.0
6	8	56244.0	56244.0	56244.0	0.0	 	0.0
6	9	46593.0	47088.0	47088.0	495.0	 	0.0
6	10	20556.0	20556.0	20556.0	0.0	 	0.0
6	11	6108.0	6108.0	6108.0	0.0	 	0.0
6	12	26006.0	26088.0	26088.0	82.0	 	0.0
6	13	38424.0	38424.0	38424.0	0.0	 	0.0
6	14	63180.0	63180.0	63180.0	0.0	 	0.0
6	15	41040.0	41040.0	41040.0	0.0	 	0.0
6	16	13248.0	13248.0	13248.0	0.0	 	0.0
6	17	33448.0	33444.0	33444.0	0.0	 	4.0
7	0	101530.0	101532.0	101530.0	0.0	 	0.0
7	1	26664.0	26664.0	26664.0	0.0	 	0.0
7	2	65184.0	65184.0	65184.0	0.0	 	0.0
7	3	74148.0	74148.0	74148.0	0.0	 	0.0
7	4	1620.0	1620.0	1620.0	0.0	 	0.0
7	5	50040.0	50040.0	50040.0	0.0	 	0.0
7	6	36708.0	36708.0	36708.0	0.0	 	0.0
7	8	48504.0	48504.0	48504.0	0.0	 	0.0
7	9	50961.0	50916.0	50916.0	0.0	 	45.0
7	10	83160.0	83160.0	83160.0	0.0	 	0.0
7	11	10596.0	10596.0	10596.0	0.0	 	0.0
7	12	77712.0	77712.0	77712.0	0.0	 	0.0
7	13	63620.0	63624.0	63624.0	4.0	 	0.0
7	14	73476.0	73476.0	73476.0	0.0	 	0.0
7	15	97392.0	97392.0	97392.0	0.0	 	0.0
7	16	83124.0	83124.0	83124.0	0.0	 	0.0
7	17	66000.0	66000.0	66000.0	0.0	 	0.0
8	0	64356.0	64356.0	64356.0	0.0	 	0.0
8	1	12228.0	12228.0	12228.0	0.0	 	0.0
8	2	65916.0	65916.0	65916.0	0.0	 	0.0
8	3	78024.0	78024.0	78024.0	0.0	 	0.0
8	4	55128.0	55128.0	55128.0	0.0	 	0.0
8	5	96984.0	96984.0	96984.0	0.0	 	0.0
8	6	62106.0	62100.0	68301.0	6195.0	 	0.0
8	7	44556.0	44556.0	44556.0	0.0	 	0.0
8	9	29700.0	29700.0	29700.0	0.0	 	0.0
8	10	77188.0	77184.0	77184.0	0.0	 	4.0
8	11	9444.0	9444.0	9444.0	0.0	 	0.0
8	12	37140.0	37140.0	37140.0	0.0	 	0.0
8	13	86484.0	86484.0	86484.0	0.0	 	0.0
8	14	43020.0	43032.0	43032.0	12.0	 	0.0
8	15	72348.0	72348.0	72348.0	0.0	 	0.0
8	16	102000.0	102000.0	108850.0	6850.0	 	0.0
8	17	100536.0	100536.0	100540.0	4.0	 	0.0
9	0	98382.0	98376.0	98376.0	0.0	 	6.0
9	1	61452.0	61452.0	61452.0	0.0	 	0.0
9	2	42760.0	42756.0	44574.0	1814.0	 	0.0
9	3	41996.0	42000.0	45034.0	3038.0	 	0.0
9	4	79572.0	79572.0	79572.0	0.0	 	0.0
9	5	88272.0	88272.0	88272.0	0.0	 	0.0
9	6	103120.0	103116.0	103120.0	0.0	 	0.0
9	7	71324.0	68820.0	74244.0	2920.0	 	0.0
9	8	105610.0	105612.0	105610.0	0.0	 	0.0
9	10	19706.0	19704.0	21210.0	1504.0	 	0.0
9	11	19704.0	19704.0	19704.0	0.0	 	0.0
9	12	91445.0	91404.0	91404.0	0.0	 	41.0
9	13	21996.0	21996.0	21996.0	0.0	 	0.0
9	14	5856.0	5856.0	5856.0	0.0	 	0.0
9	15	78372.0	78372.0	78372.0	0.0	 	0.0
9	16	33144.0	33144.0	33144.0	0.0	 	0.0
9	17	91728.0	91728.0	91728.0	0.0	 	0.0
10	0	55584.0	55584.0	55584.0	0.0	 	0.0
10	1	108000.0	108000.0	108000.0	0.0	 	0.0
10	2	50952.0	50952.0	50952.0	0.0	 	0.0
10	3	22764.0	22764.0	22764.0	0.0	 	0.0
10	4	7932.0	7932.0	7932.0	0.0	 	0.0
10	5	50004.0	50004.0	50004.0	0.0	 	0.0
10	6	82352.0	82356.0	82356.0	4.0	 	0.0
10	7	28188.0	28188.0	28188.0	0.0	 	0.0
10	8	71292.0	71292.0	71292.0	0.0	 	0.0
10	9	93180.0	93180.0	93180.0	0.0	 	0.0
10	11	57962.0	57960.0	57960.0	0.0	 	2.0
10	12	26710.0	26712.0	26712.0	2.0	 	0.0
10	13	77988.0	77988.0	77988.0	0.0	 	0.0
10	14	14364.0	14364.0	14364.0	0.0	 	0.0
10	15	77100.0	77100.0	77100.0	0.0	 	0.0
10	16	5908.0	5904.0	5952.0	44.0	 	0.0
10	17	82852.0	82848.0	85327.0	2475.0	 	0.0
11	0	92136.0	92136.0	92136.0	0.0	 	0.0
11	1	59448.0	59448.0	59448.0	0.0	 	0.0
11	2	1724.0	1728.0	1728.0	4.0	 	0.0
11	3	74078.0	74076.0	76681.0	2603.0	 	0.0
11	4	15744.0	15744.0	15744.0	0.0	 	0.0
11	5	67458.0	67920.0	67920.0	462.0	 	0.0
11	6	67500.0	67500.0	67500.0	0.0	 	0.0
11	7	8268.0	8268.0	8268.0	0.0	 	0.0
11	8	81203.0	79812.0	81203.0	0.0	 	0.0
11	9	51338.0	51336.0	54933.0	3595.0	 	0.0
11	10	38666.0	38664.0	38664.0	0.0	 	2.0
11	12	40824.0	40824.0	40824.0	0.0	 	0.0
11	13	99374.0	99372.0	99372.0	0.0	 	2.0
11	14	55455.0	55224.0	55224.0	0.0	 	231.0
11	15	90864.0	90864.0	90864.0	0.0	 	0.0
11	16	51056.0	51060.0	51060.0	4.0	 	0.0
11	17	48048.0	48048.0	48048.0	0.0	 	0.0
12	0	107180.0	107184.0	107180.0	0.0	 	0.0
12	1	61344.0	61344.0	61344.0	0.0	 	0.0
12	2	102488.0	102492.0	102490.0	2.0	 	0.0
12	3	83976.0	83976.0	83976.0	0.0	 	0.0
12	4	53544.0	53544.0	53544.0	0.0	 	0.0
12	5	63768.0	63768.0	63768.0	0.0	 	0.0
12	6	19080.0	19080.0	19080.0	0.0	 	0.0
12	7	103790.0	103788.0	103790.0	0.0	 	0.0
12	8	23712.0	23712.0	23712.0	0.0	 	0.0
12	9	88898.0	88896.0	88896.0	0.0	 	2.0
12	10	11616.0	11616.0	11616.0	0.0	 	0.0
12	11	32796.0	32796.0	32796.0	0.0	 	0.0
12	13	3052.0	3048.0	3048.0	0.0	 	4.0
12	14	69024.0	69024.0	69024.0	0.0	 	0.0
12	15	65208.0	65208.0	65208.0	0.0	 	0.0
12	16	63708.0	63708.0	63708.0	0.0	 	0.0
12	17	41532.0	41532.0	41532.0	0.0	 	0.0
13	0	31165.0	29592.0	29592.0	0.0	 	1573.0
13	1	33624.0	33552.0	33552.0	0.0	 	72.0
13	2	90636.0	90636.0	90636.0	0.0	 	0.0
13	3	11868.0	11868.0	11868.0	0.0	 	0.0
13	4	91956.0	91956.0	91956.0	0.0	 	0.0
13	5	6312.0	6312.0	6312.0	0.0	 	0.0
13	6	33324.0	33324.0	33324.0	0.0	 	0.0
13	7	69132.0	69132.0	69132.0	0.0	 	0.0
13	8	103332.0	103332.0	107950.0	4618.0	 	0.0
13	9	46440.0	46440.0	46440.0	0.0	 	0.0
13	10	40344.0	40344.0	40344.0	0.0	 	0.0
13	11	66312.0	66312.0	66312.0	0.0	 	0.0
13	12	4656.0	4656.0	4656.0	0.0	 	0.0
13	14	97090.0	94248.0	97090.0	0.0	 	0.0
13	15	95290.0	92448.0	97627.0	2337.0	 	0.0
13	16	22620.0	22620.0	22620.0	0.0	 	0.0
13	17	74692.0	80376.0	80376.0	5684.0	 	0.0
14	0	38318.0	41460.0	41460.0	3142.0	 	0.0
14	1	66396.0	66540.0	66540.0	144.0	 	0.0
14	2	41196.0	41196.0	41196.0	0.0	 	0.0
14	3	58908.0	58908.0	58908.0	0.0	 	0.0
14	4	25680.0	25680.0	25680.0	0.0	 	0.0
14	5	40332.0	40332.0	40332.0	0.0	 	0.0
14	6	37573.0	36444.0	36444.0	0.0	 	1129.0
14	7	57824.0	57828.0	61495.0	3671.0	 	0.0
14	8	82152.0	84468.0	91960.0	9808.0	 	0.0
14	9	8412.0	8412.0	8412.0	0.0	 	0.0
14	10	45300.0	45300.0	45300.0	0.0	 	0.0
14	11	76974.0	75816.0	75816.0	0.0	 	1158.0
14	12	8214.0	8208.0	8208.0	0.0	 	6.0
14	13	34319.0	32676.0	34319.0	0.0	 	0.0
14	15	70037.0	67236.0	73297.0	3260.0	 	0.0
14	16	89676.0	89676.0	89676.0	0.0	 	0.0
14	17	101746.0	98904.0	98904.0	0.0	 	2842.0
15	0	99935.0	98436.0	99935.0	0.0	 	0.0
15	1	46380.0	46380.0	46380.0	0.0	 	0.0
15	2	95748.0	95748.0	95748.0	0.0	 	0.0
15	3	87084.0	86940.0	95109.0	8025.0	 	0.0
15	4	69912.0	69912.0	69912.0	0.0	 	0.0
15	5	31266.0	30792.0	31266.0	0.0	 	0.0
15	6	72970.0	75228.0	75228.0	2258.0	 	0.0
15	7	19896.0	19896.0	19896.0	0.0	 	0.0
15	8	87693.0	86772.0	86772.0	0.0	 	921.0
15	9	43644.0	43644.0	43644.0	0.0	 	0.0
15	10	102992.0	102984.0	103190.0	198.0	 	0.0
15	11	49020.0	49020.0	49020.0	0.0	 	0.0
15	12	27708.0	27708.0	27708.0	0.0	 	0.0
15	13	53468.0	53472.0	53472.0	4.0	 	0.0
15	14	66400.0	65508.0	65508.0	0.0	 	892.0
15	16	20784.0	20784.0	20784.0	0.0	 	0.0
15	17	77279.0	73308.0	77279.0	0.0	 	0.0
16	0	44616.0	44616.0	44616.0	0.0	 	0.0
16	1	40644.0	40644.0	40644.0	0.0	 	0.0
16	2	65136.0	65136.0	65136.0	0.0	 	0.0
16	3	77184.0	77184.0	77184.0	0.0	 	0.0
16	4	59424.0	59424.0	59424.0	0.0	 	0.0
16	5	28316.0	28320.0	28320.0	4.0	 	0.0
16	6	63300.0	63300.0	63300.0	0.0	 	0.0
16	7	5028.0	5028.0	5028.0	0.0	 	0.0
16	8	2388.0	2388.0	2468.0	80.0	 	0.0
16	9	32176.0	32172.0	32172.0	0.0	 	4.0
16	10	38128.0	38136.0	38136.0	8.0	 	0.0
16	11	27252.0	27252.0	27252.0	0.0	 	0.0
16	12	79548.0	79548.0	79548.0	0.0	 	0.0
16	13	23692.0	23688.0	23688.0	0.0	 	4.0
16	14	13428.0	13428.0	13428.0	0.0	 	0.0
16	15	32220.0	32220.0	32220.0	0.0	 	0.0
16	17	84768.0	84768.0	84768.0	0.0	 	0.0
17	0	99185.0	98112.0	103370.0	4185.0	 	0.0
17	1	15017.0	13944.0	13944.0	0.0	 	1073.0
17	2	77940.0	77940.0	77940.0	0.0	 	0.0
17	3	102890.0	105036.0	105040.0	2150.0	 	0.0
17	4	57012.0	57012.0	57012.0	0.0	 	0.0
17	5	38208.0	38208.0	38208.0	0.0	 	0.0
17	6	82576.0	79404.0	84659.0	2083.0	 	0.0
17	7	34853.0	34812.0	36658.0	1805.0	 	0.0
17	8	85536.0	85536.0	85536.0	0.0	 	0.0
17	9	12888.0	12888.0	12888.0	0.0	 	0.0
17	10	93216.0	93216.0	93216.0	0.0	 	0.0
17	11	2724.0	2724.0	2724.0	0.0	 	0.0
17	12	74740.0	74748.0	80401.0	5661.0	 	0.0
17	13	79692.0	79692.0	79692.0	0.0	 	0.0
17	14	14496.0	14496.0	14496.0	0.0	 	0.0
17	15	95284.0	95280.0	103700.0	8416.0	 	0.0
17	16	18624.0	18624.0	18624.0	0.0	 	0.0

l	i	j	v Observado	v Estimado
0	0	1	135372.0	135372.0
0	0	2	344262.0	344262.0
0	0	3	326748.0	326748.0
0	1	4	269994.0	269994.0
0	2	4	82062.0	82062.0
0	2	5	232170.0	232170.0
0	3	5	141600.0	141600.0
0	0	17	151116.0	151116.0
0	17	6	271680.0	271680.0
0	3	6	275736.0	275736.0
0	0	9	226284.0	226284.0
0	9	7	180534.0	180534.0
0	1	8	269856.0	269856.0
0	2	8	161448.0	161448.0
0	2	10	401844.0	401844.0
0	0	13	215388.0	215388.0
0	13	10	244506.0	244506.0
0	0	15	207540.0	207540.0
0	15	11	102042.0	102042.0
0	13	11	177048.0	177048.0
0	15	12	247800.0	247800.0
0	13	12	122124.0	122124.0
0	17	14	136554.0	136554.0
0	0	16	183264.0	183264.0
0	16	14	169452.0	169452.0
0	1	0	113964.0	113964.0
0	1	2	169410.0	169410.0
0	1	3	234096.0	234096.0
0	1	17	160296.0	160296.0
0	4	7	297582.0	297582.0
0	8	7	108180.0	108180.0
0	1	16	235764.0	235764.0
0	16	9	135858.0	135858.0
0	8	10	164190.0	164190.0
0	8	11	86514.0	86514.0
0	1	15	200364.0	200364.0
0	1	13	243456.0	243456.0
0	2	0	207426.0	207426.0
0	2	1	207756.0	207756.0
0	2	3	117036.0	117036.0
0	4	6	127974.0	127974.0
0	5	7	232626.0	232626.0
0	10	9	170814.0	170814.0
0	10	11	148566.0	148566.0
0	10	12	123690.0	123690.0
0	5	14	289344.0	289344.0
0	2	17	216330.0	216330.0
0	3	0	217950.0	217950.0
0	3	1	106278.0	106278.0
0	3	2	173850.0	173850.0
0	3	4	105810.0	105810.0
0	4	8	156006.0	156006.0
0	6	9	201702.0	201702.0
0	6	11	85602.0	85602.0
0	7	12	326802.0	326802.0
0	6	14	219990.0	219990.0
0	4	3	33720.0	33720.0
0	4	2	184188.0	184188.0
0	4	1	243846.0	243846.0
0	4	5	44622.0	44622.0
0	7	9	283386.0	283386.0
0	7	10	210312.0	210312.0
0	8	15	235698.0	235698.0
0	6	17	273036.0	273036.0
0	5	3	191358.0	191358.0
0	5	2	192786.0	192786.0
0	5	4	68556.0	68556.0
0	5	6	87762.0	87762.0
0	5	8	89868.0	89868.0
0	14	12	176502.0	176502.0
0	14	13	192462.0	192462.0
0	14	15	196320.0	196320.0
0	14	16	158736.0	158736.0
0	6	3	379650.0	379650.0
0	9	0	499998.0	499998.0
0	6	4	34308.0	34308.0
0	6	8	92448.0	92448.0
0	8	1	278862.0	278862.0
0	6	5	15918.0	15918.0
0	6	7	84654.0	84654.0
0	9	12	123018.0	123018.0
0	11	13	274146.0	274146.0
0	9	16	202374.0	202374.0
0	7	8	148422.0	148422.0
0	7	4	112248.0	112248.0
0	8	2	120750.0	120750.0
0	7	5	257466.0	257466.0
0	7	6	181818.0	181818.0
0	10	13	248784.0	248784.0
0	12	13	150978.0	150978.0
0	12	15	165342.0	165342.0
0	8	9	131448.0	131448.0
0	8	6	172896.0	172896.0
0	8	5	276006.0	276006.0
0	8	4	141708.0	141708.0
0	9	8	280824.0	280824.0
0	9	10	71148.0	71148.0
0	10	2	326616.0	326616.0
0	9	6	214086.0	214086.0
0	9	11	72816.0	72816.0
0	11	14	123318.0	123318.0
0	11	15	168600.0	168600.0
0	13	0	229026.0	229026.0
0	10	8	204666.0	204666.0
0	13	1	279108.0	279108.0
0	10	7	95856.0	95856.0
0	11	6	324828.0	324828.0
0	12	14	170250.0	170250.0
0	13	16	82956.0	82956.0
0	11	9	146154.0	146154.0
0	11	8	257988.0	257988.0
0	11	10	43662.0	43662.0
0	14	5	267114.0	267114.0
0	11	12	44958.0	44958.0
0	12	7	266778.0	266778.0
0	14	17	204480.0	204480.0
0	12	9	191736.0	191736.0
0	15	1	188748.0	188748.0
0	12	10	200106.0	200106.0
0	12	11	138168.0	138168.0
0	14	6	174204.0	174204.0
0	15	17	219750.0	219750.0
0	13	14	157410.0	157410.0
0	13	15	184302.0	184302.0
0	15	8	284934.0	284934.0
0	15	0	210510.0	210510.0
0	17	2	319806.0	319806.0
0	14	11	133038.0	133038.0
0	15	14	118518.0	118518.0
0	15	16	42606.0	42606.0
0	15	13	104964.0	104964.0
0	16	0	115776.0	115776.0
0	16	1	139854.0	139854.0
0	16	17	148986.0	148986.0
0	16	15	86814.0	86814.0
0	16	13	82602.0	82602.0
0	17	0	196920.0	196920.0
0	17	1	137736.0	137736.0
0	17	15	176784.0	176784.0
0	17	16	64914.0	64914.0
