-----------------------------------------------------
-----     Resultados    -----
-----------------------------------------------------

Parametro Deficit (alfa): 1.0
Parametro Exceso (beta):  1.0
Parametro de probabilidades (epsilon): 0.0
CPU time: 0.065
p	q	g Estimada	g Exacta	g Referencia	Deficit	Exceso
0	1	87166.0	87168.0	87168.0	2.0	 	0.0
0	2	155200.0	154080.0	154080.0	0.0	 	1120.0
0	3	171720.0	171720.0	171720.0	0.0	 	0.0
0	4	157752.0	157752.0	157750.0	0.0	 	2.0
0	5	179552.0	179568.0	179570.0	18.0	 	0.0
0	6	42336.0	42336.0	42336.0	0.0	 	0.0
0	7	23304.0	23304.0	23304.0	0.0	 	0.0
0	8	146088.0	146088.0	146090.0	2.0	 	0.0
0	9	155068.0	155064.0	155060.0	0.0	 	8.0
0	10	109032.0	109032.0	109030.0	0.0	 	2.0
0	11	176260.0	176256.0	176260.0	0.0	 	0.0
0	12	192160.0	194016.0	194020.0	1860.0	 	0.0
0	13	68262.0	67368.0	67368.0	0.0	 	894.0
0	14	18552.0	18552.0	18552.0	0.0	 	0.0
0	15	76862.0	75936.0	75936.0	0.0	 	926.0
0	16	75500.0	75480.0	75480.0	0.0	 	20.0
0	17	147622.0	147624.0	147620.0	0.0	 	2.0
1	0	14970.0	14952.0	14952.0	0.0	 	18.0
1	2	16072.0	16056.0	16056.0	0.0	 	16.0
1	3	24.0	24.0	24.0	0.0	 	0.0
1	4	178398.0	174816.0	174820.0	0.0	 	3578.0
1	5	180856.0	180888.0	180890.0	34.0	 	0.0
1	6	69936.0	69936.0	69936.0	0.0	 	0.0
1	7	83392.0	83400.0	83400.0	8.0	 	0.0
1	8	107350.0	107352.0	107350.0	0.0	 	0.0
1	9	201140.0	201144.0	201140.0	0.0	 	0.0
1	10	66168.0	66168.0	66168.0	0.0	 	0.0
1	11	178024.0	178032.0	188830.0	10806.0	 	0.0
1	12	117048.0	117096.0	117100.0	52.0	 	0.0
1	13	105670.0	105672.0	105670.0	0.0	 	0.0
1	14	31080.0	31080.0	31080.0	0.0	 	0.0
1	15	55084.0	55056.0	55056.0	0.0	 	28.0
1	16	117650.0	117648.0	117650.0	0.0	 	0.0
1	17	66072.0	66072.0	66072.0	0.0	 	0.0
2	0	43632.0	43632.0	43632.0	0.0	 	0.0
2	1	19168.0	19176.0	19176.0	8.0	 	0.0
2	3	83208.0	83208.0	83208.0	0.0	 	0.0
2	4	62682.0	60216.0	60216.0	0.0	 	2466.0
2	5	215770.0	214392.0	218790.0	3020.0	 	0.0
2	6	55104.0	55104.0	59945.0	4841.0	 	0.0
2	7	39924.0	44856.0	44856.0	4932.0	 	0.0
2	8	98.0	96.0	99.0	1.0	 	0.0
2	9	165596.0	165600.0	165600.0	4.0	 	0.0
2	10	102290.0	102288.0	102290.0	0.0	 	0.0
2	11	192072.0	192072.0	192070.0	0.0	 	2.0
2	12	80568.0	80568.0	80568.0	0.0	 	0.0
2	13	9656.0	9600.0	10309.0	653.0	 	0.0
2	14	15120.0	15120.0	15120.0	0.0	 	0.0
2	15	46272.0	46272.0	46272.0	0.0	 	0.0
2	16	77960.0	78000.0	78000.0	40.0	 	0.0
2	17	28872.0	28872.0	28872.0	0.0	 	0.0
3	0	99696.0	99696.0	99696.0	0.0	 	0.0
3	1	99938.0	99600.0	100000.0	62.0	 	0.0
3	2	121350.0	121344.0	121340.0	0.0	 	10.0
3	4	132052.0	132048.0	132050.0	0.0	 	2.0
3	5	146860.0	146856.0	146860.0	0.0	 	0.0
3	6	91104.0	91104.0	91104.0	0.0	 	0.0
3	7	77736.0	77736.0	77736.0	0.0	 	0.0
3	8	207500.0	207504.0	207500.0	0.0	 	0.0
3	9	139732.0	139728.0	139730.0	0.0	 	2.0
3	10	189550.0	189552.0	189550.0	0.0	 	0.0
3	11	85466.0	85488.0	88198.0	2732.0	 	0.0
3	12	128540.0	128544.0	128540.0	0.0	 	0.0
3	13	128692.0	128688.0	128690.0	0.0	 	2.0
3	14	118360.0	118320.0	120480.0	2120.0	 	0.0
3	15	75096.0	75096.0	75096.0	0.0	 	0.0
3	16	145800.0	145800.0	145800.0	0.0	 	0.0
3	17	31344.0	31344.0	31344.0	0.0	 	0.0
4	0	104400.0	104400.0	104400.0	0.0	 	0.0
4	1	212812.0	212472.0	212470.0	0.0	 	342.0
4	2	215282.0	215280.0	215280.0	0.0	 	2.0
4	3	160080.0	160080.0	160080.0	0.0	 	0.0
4	5	56168.0	56136.0	56136.0	0.0	 	32.0
4	6	204070.0	203736.0	215500.0	11430.0	 	0.0
4	7	113620.0	110616.0	113620.0	0.0	 	0.0
4	8	215162.0	215160.0	215160.0	0.0	 	2.0
4	9	204236.0	204840.0	204840.0	604.0	 	0.0
4	10	77544.0	77544.0	77544.0	0.0	 	0.0
4	11	199272.0	199272.0	199270.0	0.0	 	2.0
4	12	187858.0	188088.0	188090.0	232.0	 	0.0
4	13	121340.0	121344.0	121340.0	0.0	 	0.0
4	14	28592.0	28656.0	28656.0	64.0	 	0.0
4	15	125472.0	125472.0	125470.0	0.0	 	2.0
4	16	127780.0	127776.0	127780.0	0.0	 	0.0
4	17	137520.0	137520.0	137520.0	0.0	 	0.0
5	0	213324.0	213336.0	213340.0	16.0	 	0.0
5	1	176536.0	177216.0	177220.0	684.0	 	0.0
5	2	125528.0	125520.0	125520.0	0.0	 	8.0
5	3	121340.0	121344.0	121340.0	0.0	 	0.0
5	4	171550.0	171552.0	171550.0	0.0	 	0.0
5	6	96024.0	96024.0	96024.0	0.0	 	0.0
5	7	104822.0	103656.0	103660.0	0.0	 	1162.0
5	8	92880.0	92880.0	92880.0	0.0	 	0.0
5	9	6360.0	6360.0	6360.0	0.0	 	0.0
5	10	96528.0	96528.0	96528.0	0.0	 	0.0
5	11	180816.0	180816.0	197240.0	16424.0	 	0.0
5	12	10272.0	10272.0	10272.0	0.0	 	0.0
5	13	167590.0	167592.0	167590.0	0.0	 	0.0
5	14	156910.0	156912.0	156910.0	0.0	 	0.0
5	15	4320.0	4320.0	4320.0	0.0	 	0.0
5	16	72254.0	72240.0	75927.0	3673.0	 	0.0
5	17	76128.0	76128.0	76128.0	0.0	 	0.0
6	0	150700.0	150696.0	150700.0	0.0	 	0.0
6	1	195096.0	195096.0	199860.0	4764.0	 	0.0
6	2	184460.0	184464.0	184460.0	0.0	 	0.0
6	3	96816.0	96816.0	96816.0	0.0	 	0.0
6	4	189678.0	189288.0	207840.0	18162.0	 	0.0
6	5	134426.0	134424.0	134420.0	0.0	 	6.0
6	7	93624.0	93624.0	93624.0	0.0	 	0.0
6	8	59616.0	59616.0	59616.0	0.0	 	0.0
6	9	3196.0	2880.0	2880.0	0.0	 	316.0
6	10	43344.0	43344.0	43344.0	0.0	 	0.0
6	11	176590.0	176592.0	176590.0	0.0	 	0.0
6	12	45480.0	45480.0	45480.0	0.0	 	0.0
6	13	2452.0	2400.0	2585.0	133.0	 	0.0
6	14	19442.0	19440.0	19440.0	0.0	 	2.0
6	15	45168.0	45168.0	45168.0	0.0	 	0.0
6	16	146820.0	146856.0	146860.0	40.0	 	0.0
6	17	21450.0	21144.0	21449.0	-0.0	 	1.0
7	0	640.0	600.0	639.0	-0.0	 	1.0
7	1	91584.0	91584.0	91584.0	0.0	 	0.0
7	2	157852.0	157848.0	157850.0	0.0	 	2.0
7	3	110132.0	109512.0	115550.0	5418.0	 	0.0
7	4	92726.0	87336.0	87336.0	0.0	 	5390.0
7	5	182222.0	179376.0	179380.0	0.0	 	2842.0
7	6	46320.0	46320.0	46320.0	0.0	 	0.0
7	8	14258.0	14256.0	14256.0	0.0	 	2.0
7	9	148554.0	148296.0	148300.0	0.0	 	254.0
7	10	156432.0	156432.0	156430.0	0.0	 	2.0
7	11	195020.0	195024.0	195020.0	0.0	 	0.0
7	12	195666.0	195432.0	195430.0	0.0	 	236.0
7	13	92232.0	92232.0	92232.0	0.0	 	0.0
7	14	107140.0	107136.0	107140.0	0.0	 	0.0
7	15	154460.0	154464.0	154460.0	0.0	 	0.0
7	16	182020.0	182016.0	182020.0	0.0	 	0.0
7	17	181202.0	181512.0	181510.0	308.0	 	0.0
8	0	36856.0	36888.0	36888.0	32.0	 	0.0
8	1	94440.0	94440.0	94440.0	0.0	 	0.0
8	2	74446.0	74448.0	78074.0	3628.0	 	0.0
8	3	20632.0	20640.0	20640.0	8.0	 	0.0
8	4	170340.0	163200.0	170340.0	0.0	 	0.0
8	5	72816.0	72816.0	72816.0	0.0	 	0.0
8	6	186508.0	186504.0	186500.0	0.0	 	8.0
8	7	153734.0	150312.0	150310.0	0.0	 	3424.0
8	9	18816.0	18816.0	18816.0	0.0	 	0.0
8	10	11328.0	11328.0	11328.0	0.0	 	0.0
8	11	196614.0	196608.0	196610.0	0.0	 	4.0
8	12	56568.0	56568.0	56568.0	0.0	 	0.0
8	13	149040.0	149040.0	149040.0	0.0	 	0.0
8	14	101352.0	101352.0	101350.0	0.0	 	2.0
8	15	118586.0	118584.0	118580.0	0.0	 	6.0
8	16	87704.0	87672.0	88994.0	1290.0	 	0.0
8	17	127392.0	127392.0	127390.0	0.0	 	2.0
9	0	130630.0	130632.0	130630.0	0.0	 	0.0
9	1	107980.0	107976.0	107980.0	0.0	 	0.0
9	2	180120.0	180120.0	180120.0	0.0	 	0.0
9	3	103328.0	103344.0	103340.0	12.0	 	0.0
9	4	141184.0	147888.0	147890.0	6706.0	 	0.0
9	5	61896.0	61896.0	61896.0	0.0	 	0.0
9	6	177580.0	177576.0	177580.0	0.0	 	0.0
9	7	217590.0	214200.0	217590.0	0.0	 	0.0
9	8	144710.0	141360.0	144710.0	0.0	 	0.0
9	10	26618.0	26616.0	26616.0	0.0	 	2.0
9	11	142320.0	142320.0	142320.0	0.0	 	0.0
9	12	105744.0	105744.0	105740.0	0.0	 	4.0
9	13	158760.0	158760.0	158760.0	0.0	 	0.0
9	14	75144.0	75144.0	75144.0	0.0	 	0.0
9	15	172440.0	172440.0	172440.0	0.0	 	0.0
9	16	167260.0	167256.0	167260.0	0.0	 	0.0
9	17	101500.0	101496.0	101500.0	0.0	 	0.0
10	0	173052.0	173088.0	173090.0	38.0	 	0.0
10	1	169676.0	169680.0	169680.0	4.0	 	0.0
10	2	103030.0	103032.0	103030.0	0.0	 	0.0
10	3	209400.0	209400.0	209400.0	0.0	 	0.0
10	4	42484.0	43680.0	43680.0	1196.0	 	0.0
10	5	165100.0	165096.0	165100.0	0.0	 	0.0
10	6	152932.0	152928.0	152930.0	0.0	 	2.0
10	7	37180.0	32184.0	33497.0	-0.0	 	3683.0
10	8	21660.0	21792.0	21792.0	132.0	 	0.0
10	9	75742.0	75744.0	75744.0	2.0	 	0.0
10	11	98184.0	98184.0	98184.0	0.0	 	0.0
10	12	154804.0	154800.0	154800.0	0.0	 	4.0
10	13	80688.0	80688.0	80688.0	0.0	 	0.0
10	14	125180.0	125184.0	125180.0	0.0	 	0.0
10	15	61704.0	61704.0	61704.0	0.0	 	0.0
10	16	89800.0	89760.0	89965.0	165.0	 	0.0
10	17	68784.0	68784.0	68784.0	0.0	 	0.0
11	0	116712.0	116712.0	116710.0	0.0	 	2.0
11	1	216000.0	216000.0	216000.0	0.0	 	0.0
11	2	2664.0	2664.0	2664.0	0.0	 	0.0
11	3	112390.0	112392.0	112390.0	0.0	 	0.0
11	4	70492.0	71952.0	71952.0	1460.0	 	0.0
11	5	50016.0	50016.0	50016.0	0.0	 	0.0
11	6	150208.0	148752.0	148750.0	0.0	 	1458.0
11	7	139484.0	139488.0	139490.0	6.0	 	0.0
11	8	7488.0	7488.0	7488.0	0.0	 	0.0
11	9	127492.0	127080.0	138370.0	10878.0	 	0.0
11	10	100274.0	100272.0	100270.0	0.0	 	4.0
11	12	191450.0	191448.0	191450.0	0.0	 	0.0
11	13	87744.0	87744.0	87744.0	0.0	 	0.0
11	14	27528.0	27528.0	27528.0	0.0	 	0.0
11	15	76008.0	76008.0	76008.0	0.0	 	0.0
11	16	120908.0	120960.0	120960.0	52.0	 	0.0
11	17	176572.0	176568.0	176570.0	0.0	 	2.0
12	0	192380.0	192384.0	192380.0	0.0	 	0.0
12	1	164760.0	164760.0	164760.0	0.0	 	0.0
12	2	208560.0	208560.0	208560.0	0.0	 	0.0
12	3	137778.0	138120.0	138120.0	342.0	 	0.0
12	4	11664.0	13104.0	13104.0	1440.0	 	0.0
12	5	51180.0	57504.0	57504.0	6324.0	 	0.0
12	6	124196.0	124968.0	124970.0	774.0	 	0.0
12	7	129296.0	118176.0	129440.0	144.0	 	0.0
12	8	137900.0	136440.0	144730.0	6830.0	 	0.0
12	9	118204.0	117816.0	117820.0	0.0	 	384.0
12	10	87914.0	87912.0	87912.0	0.0	 	2.0
12	11	125710.0	125712.0	125710.0	0.0	 	0.0
12	13	160510.0	160512.0	160510.0	0.0	 	0.0
12	14	183046.0	177432.0	186830.0	3784.0	 	0.0
12	15	203934.0	201864.0	201860.0	0.0	 	2074.0
12	16	15896.0	15888.0	16627.0	731.0	 	0.0
12	17	198784.0	202920.0	202920.0	4136.0	 	0.0
13	0	88360.0	88344.0	88344.0	0.0	 	16.0
13	1	156170.0	156168.0	156170.0	0.0	 	0.0
13	2	47692.0	47688.0	47688.0	0.0	 	4.0
13	3	52224.0	52224.0	52224.0	0.0	 	0.0
13	4	143860.0	143856.0	143860.0	0.0	 	0.0
13	5	204936.0	204936.0	209910.0	4974.0	 	0.0
13	6	74328.0	74328.0	74328.0	0.0	 	0.0
13	7	71172.0	79968.0	79968.0	8796.0	 	0.0
13	8	138052.0	138048.0	138050.0	0.0	 	2.0
13	9	40532.0	41304.0	41304.0	772.0	 	0.0
13	10	206562.0	201432.0	201430.0	0.0	 	5132.0
13	11	3862.0	3480.0	3480.0	0.0	 	382.0
13	12	117360.0	111624.0	117360.0	0.0	 	0.0
13	14	197810.0	197808.0	197810.0	0.0	 	0.0
13	15	132120.0	132120.0	132120.0	0.0	 	0.0
13	16	191810.0	191808.0	191810.0	0.0	 	0.0
13	17	105956.0	105960.0	105960.0	4.0	 	0.0
14	0	156652.0	156648.0	156650.0	0.0	 	2.0
14	1	64600.0	64608.0	64608.0	8.0	 	0.0
14	2	156500.0	156504.0	156500.0	0.0	 	0.0
14	3	197968.0	197880.0	208280.0	10312.0	 	0.0
14	4	158340.0	157656.0	164540.0	6200.0	 	0.0
14	5	186264.0	185904.0	185900.0	0.0	 	364.0
14	6	84648.0	84648.0	84648.0	0.0	 	0.0
14	7	126416.0	123816.0	130130.0	3714.0	 	0.0
14	8	164300.0	164304.0	164300.0	0.0	 	0.0
14	9	37032.0	37032.0	37032.0	0.0	 	0.0
14	10	201572.0	201624.0	201620.0	48.0	 	0.0
14	11	18816.0	18816.0	18816.0	0.0	 	0.0
14	12	160490.0	160488.0	160490.0	0.0	 	0.0
14	13	101932.0	101928.0	101930.0	0.0	 	2.0
14	15	103420.0	103416.0	103420.0	0.0	 	0.0
14	16	61560.0	61560.0	61560.0	0.0	 	0.0
14	17	58110.0	56040.0	58110.0	0.0	 	0.0
15	0	176464.0	176304.0	176300.0	0.0	 	164.0
15	1	107240.0	104616.0	107240.0	0.0	 	0.0
15	2	119060.0	119064.0	119060.0	0.0	 	0.0
15	3	159016.0	159336.0	159340.0	324.0	 	0.0
15	4	113856.0	118776.0	118780.0	4924.0	 	0.0
15	5	128692.0	128688.0	128690.0	0.0	 	2.0
15	6	48792.0	48792.0	48792.0	0.0	 	0.0
15	7	122428.0	129264.0	129260.0	6832.0	 	0.0
15	8	176698.0	170832.0	170830.0	0.0	 	5868.0
15	9	190800.0	190800.0	190800.0	0.0	 	0.0
15	10	39028.0	40440.0	40440.0	1412.0	 	0.0
15	11	9144.0	9144.0	9144.0	0.0	 	0.0
15	12	73312.0	66960.0	73311.0	-0.0	 	1.0
15	13	16138.0	15432.0	16137.0	-0.0	 	1.0
15	14	80518.0	80520.0	80520.0	2.0	 	0.0
15	16	18360.0	18360.0	18360.0	0.0	 	0.0
15	17	150104.0	148032.0	148030.0	0.0	 	2074.0
16	0	55872.0	55872.0	55872.0	0.0	 	0.0
16	1	193850.0	193848.0	193850.0	0.0	 	0.0
16	2	83072.0	85296.0	85296.0	2224.0	 	0.0
16	3	45928.0	43704.0	47256.0	1328.0	 	0.0
16	4	198870.0	199992.0	199990.0	1120.0	 	0.0
16	5	196060.0	196056.0	196060.0	0.0	 	0.0
16	6	55920.0	55920.0	55920.0	0.0	 	0.0
16	7	179962.0	180000.0	180000.0	38.0	 	0.0
16	8	29104.0	29088.0	31292.0	2188.0	 	0.0
16	9	134972.0	134928.0	134930.0	0.0	 	42.0
16	10	127220.0	127224.0	127220.0	0.0	 	0.0
16	11	131472.0	131472.0	131470.0	0.0	 	2.0
16	12	215816.0	215832.0	215830.0	14.0	 	0.0
16	13	206784.0	206784.0	206780.0	0.0	 	4.0
16	14	114220.0	114216.0	114220.0	0.0	 	0.0
16	15	99312.0	99312.0	99312.0	0.0	 	0.0
16	17	94376.0	93264.0	99963.0	5587.0	 	0.0
17	0	145992.0	145056.0	146460.0	468.0	 	0.0
17	1	111502.0	110568.0	110570.0	0.0	 	932.0
17	2	195000.0	195000.0	195000.0	0.0	 	0.0
17	3	53112.0	54984.0	57714.0	4602.0	 	0.0
17	4	80568.0	80568.0	80568.0	0.0	 	0.0
17	5	86296.0	84072.0	86295.0	-0.0	 	1.0
17	6	119352.0	119352.0	119350.0	0.0	 	2.0
17	7	159672.0	159672.0	159670.0	0.0	 	2.0
17	8	193420.0	193416.0	193420.0	0.0	 	0.0
17	9	125948.0	125952.0	125950.0	2.0	 	0.0
17	10	198340.0	198336.0	198340.0	0.0	 	0.0
17	11	187372.0	187368.0	187370.0	0.0	 	2.0
17	12	119240.0	121776.0	121780.0	2540.0	 	0.0
17	13	173980.0	173976.0	173980.0	0.0	 	0.0
17	14	3706.0	3552.0	3552.0	0.0	 	154.0
17	15	40984.0	39720.0	40983.0	-0.0	 	1.0
17	16	198840.0	198840.0	198840.0	0.0	 	0.0

l	i	j	v Observado	v Estimado
0	0	1	146538.0	146538.0
1	0	1	146538.0	146538.0
0	0	2	288162.0	288162.0
1	0	2	288162.0	288162.0
0	0	3	244734.0	244734.0
1	0	3	244734.0	244734.0
0	1	4	369456.0	369456.0
1	1	4	369456.0	369456.0
0	2	4	114678.0	114678.0
1	2	4	114678.0	114678.0
0	2	5	233322.0	233322.0
1	2	5	233322.0	233322.0
0	3	5	212556.0	212556.0
1	3	5	212556.0	212556.0
0	0	17	114408.0	114408.0
0	17	6	193758.0	193758.0
1	0	17	114408.0	114408.0
1	17	6	193758.0	193758.0
0	3	6	194652.0	194652.0
1	3	6	194652.0	194652.0
0	0	9	247290.0	247290.0
0	9	7	261198.0	261198.0
1	0	9	247290.0	247290.0
1	9	7	261198.0	261198.0
0	1	8	227724.0	227724.0
1	1	8	227724.0	227724.0
0	2	8	136464.0	136464.0
1	2	8	136464.0	136464.0
0	2	10	494244.0	494244.0
1	2	10	494244.0	494244.0
0	0	13	231576.0	231576.0
0	13	10	252210.0	252210.0
1	0	13	231576.0	231576.0
1	13	10	252210.0	252210.0
0	0	15	160878.0	160878.0
0	15	11	172854.0	172854.0
1	0	15	160878.0	160878.0
1	15	11	172854.0	172854.0
0	13	11	109224.0	109224.0
1	13	11	109224.0	109224.0
0	15	12	285786.0	285786.0
1	15	12	285786.0	285786.0
0	13	12	163908.0	163908.0
1	13	12	163908.0	163908.0
0	17	14	116268.0	116268.0
1	17	14	116268.0	116268.0
0	0	16	98328.0	98328.0
0	16	14	268350.0	268350.0
1	0	16	98328.0	98328.0
1	16	14	268350.0	268350.0
0	1	0	66984.0	66984.0
1	1	0	66984.0	66984.0
0	1	2	69792.0	69792.0
1	1	2	69792.0	69792.0
0	1	3	140280.0	140280.0
1	1	3	140280.0	140280.0
0	1	17	97974.0	97974.0
1	1	17	97974.0	97974.0
0	4	7	303582.0	303582.0
1	4	7	303582.0	303582.0
0	8	7	142464.0	142464.0
1	8	7	142464.0	142464.0
0	1	16	258636.0	258636.0
0	16	9	328002.0	328002.0
1	1	16	258636.0	258636.0
1	16	9	328002.0	328002.0
0	8	10	70302.0	70302.0
1	8	10	70302.0	70302.0
0	8	11	371868.0	371868.0
1	8	11	371868.0	371868.0
0	1	15	163020.0	163020.0
1	1	15	163020.0	163020.0
0	1	13	177354.0	177354.0
1	1	13	177354.0	177354.0
0	2	0	176118.0	176118.0
1	2	0	176118.0	176118.0
0	2	1	43056.0	43056.0
1	2	1	43056.0	43056.0
0	2	3	160080.0	160080.0
1	2	3	160080.0	160080.0
0	4	6	258216.0	258216.0
1	4	6	258216.0	258216.0
0	5	7	141720.0	141720.0
1	5	7	141720.0	141720.0
0	10	9	183216.0	183216.0
1	10	9	183216.0	183216.0
0	10	11	182064.0	182064.0
1	10	11	182064.0	182064.0
0	10	12	181116.0	181116.0
1	10	12	181116.0	181116.0
0	5	14	294666.0	294666.0
1	5	14	294666.0	294666.0
0	2	17	113856.0	113856.0
1	2	17	113856.0	113856.0
0	3	0	289284.0	289284.0
1	3	0	289284.0	289284.0
0	3	1	189336.0	189336.0
1	3	1	189336.0	189336.0
0	3	2	247296.0	247296.0
1	3	2	247296.0	247296.0
0	3	4	169470.0	169470.0
1	3	4	169470.0	169470.0
0	4	8	240642.0	240642.0
1	4	8	240642.0	240642.0
0	6	9	174930.0	174930.0
1	6	9	174930.0	174930.0
0	6	11	275418.0	275418.0
1	6	11	275418.0	275418.0
0	7	12	313650.0	313650.0
1	7	12	313650.0	313650.0
0	6	14	165978.0	165978.0
1	6	14	165978.0	165978.0
0	4	3	106140.0	106140.0
1	4	3	106140.0	106140.0
0	4	2	233622.0	233622.0
1	4	2	233622.0	233622.0
0	4	1	378138.0	378138.0
1	4	1	378138.0	378138.0
0	4	5	35232.0	35232.0
1	4	5	35232.0	35232.0
0	7	9	218256.0	218256.0
1	7	9	218256.0	218256.0
0	7	10	155628.0	155628.0
1	7	10	155628.0	155628.0
0	8	15	200184.0	200184.0
1	8	15	200184.0	200184.0
0	6	17	256104.0	256104.0
1	6	17	256104.0	256104.0
0	5	3	240318.0	240318.0
1	5	3	240318.0	240318.0
0	5	2	283962.0	283962.0
1	5	2	283962.0	283962.0
0	5	4	169494.0	169494.0
1	5	4	169494.0	169494.0
0	5	6	113838.0	113838.0
1	5	6	113838.0	113838.0
0	5	8	92724.0	92724.0
1	5	8	92724.0	92724.0
0	14	12	257832.0	257832.0
1	14	12	257832.0	257832.0
0	14	13	241080.0	241080.0
1	14	13	241080.0	241080.0
0	14	15	160470.0	160470.0
1	14	15	160470.0	160470.0
0	14	16	116844.0	116844.0
1	14	16	116844.0	116844.0
0	6	3	319182.0	319182.0
1	6	3	319182.0	319182.0
0	9	0	311262.0	311262.0
1	9	0	311262.0	311262.0
0	6	4	246936.0	246936.0
1	6	4	246936.0	246936.0
0	6	8	100710.0	100710.0
0	8	1	305292.0	305292.0
1	6	8	100710.0	100710.0
1	8	1	305292.0	305292.0
0	6	5	113328.0	113328.0
1	6	5	113328.0	113328.0
0	6	7	148854.0	148854.0
1	6	7	148854.0	148854.0
0	9	12	78384.0	78384.0
1	9	12	78384.0	78384.0
0	11	13	234840.0	234840.0
1	11	13	234840.0	234840.0
0	9	16	285948.0	285948.0
1	9	16	285948.0	285948.0
0	7	8	156858.0	156858.0
1	7	8	156858.0	156858.0
0	7	4	121008.0	121008.0
1	7	4	121008.0	121008.0
0	8	2	122382.0	122382.0
1	8	2	122382.0	122382.0
0	7	5	254436.0	254436.0
1	7	5	254436.0	254436.0
0	7	6	216834.0	216834.0
1	7	6	216834.0	216834.0
0	10	13	248484.0	248484.0
1	10	13	248484.0	248484.0
0	12	13	196572.0	196572.0
1	12	13	196572.0	196572.0
0	12	15	231468.0	231468.0
1	12	15	231468.0	231468.0
0	8	9	54690.0	54690.0
1	8	9	54690.0	54690.0
0	8	6	155598.0	155598.0
1	8	6	155598.0	155598.0
0	8	5	168330.0	168330.0
1	8	5	168330.0	168330.0
0	8	4	177174.0	177174.0
1	8	4	177174.0	177174.0
0	9	8	238260.0	238260.0
1	9	8	238260.0	238260.0
0	9	10	129834.0	129834.0
0	10	2	352506.0	352506.0
1	9	10	129834.0	129834.0
1	10	2	352506.0	352506.0
0	9	6	197016.0	197016.0
1	9	6	197016.0	197016.0
0	9	11	172746.0	172746.0
1	9	11	172746.0	172746.0
0	11	14	120492.0	120492.0
1	11	14	120492.0	120492.0
0	11	15	96540.0	96540.0
1	11	15	96540.0	96540.0
0	13	0	228858.0	228858.0
1	13	0	228858.0	228858.0
0	10	8	155046.0	155046.0
1	10	8	155046.0	155046.0
0	13	1	316830.0	316830.0
1	13	1	316830.0	316830.0
0	10	7	123150.0	123150.0
1	10	7	123150.0	123150.0
0	11	6	349818.0	349818.0
1	11	6	349818.0	349818.0
0	12	14	220332.0	220332.0
1	12	14	220332.0	220332.0
0	13	16	152556.0	152556.0
1	13	16	152556.0	152556.0
0	11	9	133284.0	133284.0
1	11	9	133284.0	133284.0
0	11	8	198600.0	198600.0
1	11	8	198600.0	198600.0
0	11	10	85674.0	85674.0
1	11	10	85674.0	85674.0
0	14	5	532482.0	532482.0
1	14	5	532482.0	532482.0
0	11	12	130596.0	130596.0
0	12	7	198150.0	198150.0
1	11	12	130596.0	130596.0
1	12	7	198150.0	198150.0
0	14	17	188508.0	188508.0
1	14	17	188508.0	188508.0
0	12	9	174288.0	174288.0
1	12	9	174288.0	174288.0
0	15	1	179178.0	179178.0
1	15	1	179178.0	179178.0
0	12	10	242862.0	242862.0
1	12	10	242862.0	242862.0
0	12	11	197268.0	197268.0
1	12	11	197268.0	197268.0
0	14	6	207210.0	207210.0
1	14	6	207210.0	207210.0
0	15	17	193200.0	193200.0
1	15	17	193200.0	193200.0
0	13	14	246444.0	246444.0
1	13	14	246444.0	246444.0
0	13	15	127062.0	127062.0
0	15	8	310812.0	310812.0
1	13	15	127062.0	127062.0
1	15	8	310812.0	310812.0
0	15	0	196914.0	196914.0
1	15	0	196914.0	196914.0
0	17	2	328044.0	328044.0
1	17	2	328044.0	328044.0
0	14	11	130194.0	130194.0
1	14	11	130194.0	130194.0
0	15	14	84630.0	84630.0
1	15	14	84630.0	84630.0
0	15	16	56880.0	56880.0
1	15	16	56880.0	56880.0
0	15	13	17826.0	17826.0
1	15	13	17826.0	17826.0
0	16	0	60186.0	60186.0
1	16	0	60186.0	60186.0
0	16	1	215118.0	215118.0
1	16	1	215118.0	215118.0
0	16	17	81936.0	81936.0
1	16	17	81936.0	81936.0
0	16	15	143754.0	143754.0
1	16	15	143754.0	143754.0
0	16	13	178692.0	178692.0
1	16	13	178692.0	178692.0
0	17	0	161256.0	161256.0
1	17	0	161256.0	161256.0
0	17	1	137526.0	137526.0
1	17	1	137526.0	137526.0
0	17	15	145500.0	145500.0
1	17	15	145500.0	145500.0
0	17	16	174402.0	174402.0
1	17	16	174402.0	174402.0
