-----------------------------------------------------
-----     Resultados    -----
-----------------------------------------------------

Parametro Deficit (alfa): 1.0
Parametro Exceso (beta):  1.0
Parametro de probabilidades (epsilon): 0.0
CPU time: 0.079
p	q	g Estimada	g Exacta	g Referencia	Deficit	Exceso
0	1	224894.0	221592.0	231190.0	6296.0	 	0.0
0	2	9480.0	9480.0	9480.0	0.0	 	0.0
0	3	102260.0	102264.0	102260.0	0.0	 	0.0
0	4	165476.0	165480.0	165480.0	4.0	 	0.0
0	5	120580.0	120576.0	120580.0	0.0	 	0.0
0	6	166100.0	166104.0	166100.0	0.0	 	0.0
0	7	203656.0	210240.0	210240.0	6584.0	 	0.0
0	8	224996.0	225000.0	225000.0	4.0	 	0.0
0	9	218184.0	221784.0	221780.0	3596.0	 	0.0
0	10	88944.0	88944.0	88944.0	0.0	 	0.0
0	11	117450.0	115920.0	115920.0	0.0	 	1530.0
0	12	107260.0	107256.0	107260.0	0.0	 	0.0
0	13	34512.0	34512.0	34512.0	0.0	 	0.0
0	14	193608.0	187464.0	205830.0	12222.0	 	0.0
0	15	71738.0	69408.0	69408.0	0.0	 	2330.0
0	16	118230.0	118224.0	118220.0	0.0	 	10.0
0	17	60290.0	60288.0	60288.0	0.0	 	2.0
0	18	159960.0	159960.0	159960.0	0.0	 	0.0
1	0	23442.0	21120.0	21120.0	0.0	 	2322.0
1	2	149808.0	148200.0	151260.0	1452.0	 	0.0
1	3	224384.0	223488.0	223490.0	0.0	 	894.0
1	4	225768.0	225744.0	247970.0	22202.0	 	0.0
1	5	35528.0	37320.0	37320.0	1792.0	 	0.0
1	6	152474.0	152472.0	152470.0	0.0	 	4.0
1	7	26340.0	24168.0	26339.0	-0.0	 	1.0
1	8	164450.0	164448.0	164450.0	0.0	 	0.0
1	9	28976.0	29016.0	29016.0	40.0	 	0.0
1	10	134740.0	131616.0	140910.0	6170.0	 	0.0
1	11	226800.0	226800.0	226800.0	0.0	 	0.0
1	12	186600.0	187440.0	187440.0	840.0	 	0.0
1	13	213980.0	213984.0	213980.0	0.0	 	0.0
1	14	184192.0	189720.0	197510.0	13318.0	 	0.0
1	15	57176.0	56280.0	56280.0	0.0	 	896.0
1	16	215300.0	215304.0	215300.0	0.0	 	0.0
1	17	167838.0	165072.0	169120.0	1282.0	 	0.0
1	18	107640.0	107640.0	107640.0	0.0	 	0.0
2	0	14984.0	14184.0	14984.0	0.0	 	0.0
2	1	99648.0	99648.0	99648.0	0.0	 	0.0
2	3	199680.0	199680.0	199680.0	0.0	 	0.0
2	4	146980.0	146976.0	146980.0	0.0	 	0.0
2	5	75696.0	75696.0	75696.0	0.0	 	0.0
2	6	30360.0	30360.0	30360.0	0.0	 	0.0
2	7	7080.0	7080.0	7080.0	0.0	 	0.0
2	8	118152.0	118152.0	118150.0	0.0	 	2.0
2	9	52896.0	52896.0	52896.0	0.0	 	0.0
2	10	43392.0	43392.0	43392.0	0.0	 	0.0
2	11	71310.0	67752.0	71310.0	0.0	 	0.0
2	12	134528.0	129600.0	135720.0	1192.0	 	0.0
2	13	49140.0	49128.0	51823.0	2683.0	 	0.0
2	14	111280.0	114432.0	125030.0	13750.0	 	0.0
2	15	185452.0	191016.0	191020.0	5568.0	 	0.0
2	16	100700.0	100704.0	100700.0	0.0	 	0.0
2	17	2304.0	2304.0	2304.0	0.0	 	0.0
2	18	117166.0	117528.0	117530.0	364.0	 	0.0
3	0	150860.0	150864.0	150860.0	0.0	 	0.0
3	1	174050.0	172488.0	172490.0	0.0	 	1560.0
3	2	127224.0	127224.0	127220.0	0.0	 	4.0
3	4	40198.0	36696.0	36696.0	0.0	 	3502.0
3	5	232650.0	227040.0	232650.0	0.0	 	0.0
3	6	80158.0	80160.0	80160.0	2.0	 	0.0
3	7	4896.0	4896.0	4896.0	0.0	 	0.0
3	8	203108.0	206232.0	206230.0	3122.0	 	0.0
3	9	171820.0	171816.0	171820.0	0.0	 	0.0
3	10	64272.0	67776.0	67776.0	3504.0	 	0.0
3	11	113210.0	113208.0	113210.0	0.0	 	0.0
3	12	41262.0	43728.0	43728.0	2466.0	 	0.0
3	13	11228.0	12600.0	12600.0	1372.0	 	0.0
3	14	33452.0	33456.0	33456.0	4.0	 	0.0
3	15	28008.0	28008.0	28008.0	0.0	 	0.0
3	16	141340.0	141336.0	141340.0	0.0	 	0.0
3	17	219772.0	219768.0	219770.0	0.0	 	2.0
3	18	219260.0	219264.0	219260.0	0.0	 	0.0
4	0	51456.0	51456.0	51456.0	0.0	 	0.0
4	1	179908.0	179880.0	192530.0	12622.0	 	0.0
4	2	78404.0	78384.0	78384.0	0.0	 	20.0
4	3	126050.0	126048.0	126050.0	0.0	 	0.0
4	5	199060.0	199056.0	199060.0	0.0	 	0.0
4	6	32448.0	32448.0	32448.0	0.0	 	0.0
4	7	38784.0	35280.0	38783.0	-0.0	 	1.0
4	8	130416.0	130416.0	130420.0	4.0	 	0.0
4	9	1482.0	1464.0	1481.0	-0.0	 	1.0
4	10	60792.0	60792.0	60792.0	0.0	 	0.0
4	11	31584.0	31584.0	31584.0	0.0	 	0.0
4	12	210192.0	210192.0	210190.0	0.0	 	2.0
4	13	107420.0	107424.0	107420.0	0.0	 	0.0
4	14	155352.0	155352.0	155350.0	0.0	 	2.0
4	15	156436.0	156432.0	169760.0	13324.0	 	0.0
4	16	61896.0	61896.0	61896.0	0.0	 	0.0
4	17	129960.0	129960.0	129960.0	0.0	 	0.0
4	18	428.0	480.0	480.0	52.0	 	0.0
5	0	169080.0	169080.0	169080.0	0.0	 	0.0
5	1	142580.0	142584.0	142580.0	0.0	 	0.0
5	2	204530.0	204528.0	204530.0	0.0	 	0.0
5	3	58504.0	57000.0	57000.0	0.0	 	1504.0
5	4	118010.0	118008.0	118010.0	0.0	 	0.0
5	6	71922.0	72600.0	74218.0	2296.0	 	0.0
5	7	74482.0	75336.0	75336.0	854.0	 	0.0
5	8	62928.0	62928.0	62928.0	0.0	 	0.0
5	9	95328.0	95328.0	95328.0	0.0	 	0.0
5	10	80308.0	78600.0	84071.0	3763.0	 	0.0
5	11	51096.0	51096.0	51096.0	0.0	 	0.0
5	12	173882.0	173880.0	173880.0	0.0	 	2.0
5	13	27928.0	26784.0	27928.0	0.0	 	0.0
5	14	148818.0	147240.0	147240.0	0.0	 	1578.0
5	15	82032.0	82032.0	82032.0	0.0	 	0.0
5	16	173732.0	172368.0	186330.0	12598.0	 	0.0
5	17	103844.0	103848.0	109160.0	5316.0	 	0.0
5	18	171288.0	169872.0	172790.0	1502.0	 	0.0
6	0	93768.0	93768.0	93768.0	0.0	 	0.0
6	1	187130.0	187128.0	187130.0	0.0	 	0.0
6	2	201312.0	201312.0	201310.0	0.0	 	2.0
6	3	154716.0	148968.0	163510.0	8794.0	 	0.0
6	4	140674.0	137424.0	137420.0	0.0	 	3254.0
6	5	153920.0	153456.0	153460.0	0.0	 	460.0
6	7	189890.0	189888.0	189890.0	0.0	 	0.0
6	8	20352.0	20352.0	20352.0	0.0	 	0.0
6	9	168480.0	168480.0	168480.0	0.0	 	0.0
6	10	211128.0	211128.0	211130.0	2.0	 	0.0
6	11	190608.0	190608.0	190610.0	2.0	 	0.0
6	12	42432.0	42432.0	42432.0	0.0	 	0.0
6	13	59720.0	60648.0	60648.0	928.0	 	0.0
6	14	746.0	744.0	744.0	0.0	 	2.0
6	15	83712.0	83712.0	83712.0	0.0	 	0.0
6	16	72848.0	72360.0	72847.0	-0.0	 	1.0
6	17	215982.0	215976.0	215980.0	0.0	 	2.0
6	18	178320.0	178320.0	178320.0	0.0	 	0.0
7	0	35016.0	35016.0	35016.0	0.0	 	0.0
7	1	18380.0	16560.0	16560.0	0.0	 	1820.0
7	2	186820.0	186816.0	186820.0	0.0	 	0.0
7	3	112072.0	112080.0	112080.0	8.0	 	0.0
7	4	116110.0	116112.0	116110.0	0.0	 	0.0
7	5	79032.0	79032.0	79032.0	0.0	 	0.0
7	6	76972.0	76968.0	76968.0	0.0	 	4.0
7	8	185496.0	185496.0	185500.0	4.0	 	0.0
7	9	51044.0	51024.0	51024.0	0.0	 	20.0
7	10	169686.0	168600.0	168600.0	0.0	 	1086.0
7	11	224520.0	224520.0	224520.0	0.0	 	0.0
7	12	65462.0	65040.0	65461.0	-0.0	 	1.0
7	13	206860.0	206856.0	206860.0	0.0	 	0.0
7	14	21672.0	21672.0	21672.0	0.0	 	0.0
7	15	175340.0	175344.0	175340.0	0.0	 	0.0
7	16	100730.0	100728.0	100730.0	0.0	 	0.0
7	17	111980.0	111984.0	111980.0	0.0	 	0.0
7	18	38664.0	38664.0	38664.0	0.0	 	0.0
8	0	56592.0	56592.0	56592.0	0.0	 	0.0
8	1	93498.0	92784.0	92784.0	0.0	 	714.0
8	2	11516.0	12936.0	12936.0	1420.0	 	0.0
8	3	207412.0	211776.0	227740.0	20328.0	 	0.0
8	4	148580.0	148584.0	148580.0	0.0	 	0.0
8	5	185870.0	182976.0	185870.0	0.0	 	0.0
8	6	91838.0	90744.0	90744.0	0.0	 	1094.0
8	7	82368.0	82368.0	82368.0	0.0	 	0.0
8	9	176930.0	176928.0	176930.0	0.0	 	0.0
8	10	119900.0	119904.0	119900.0	0.0	 	0.0
8	11	15432.0	15432.0	15432.0	0.0	 	0.0
8	12	177532.0	177528.0	177530.0	0.0	 	2.0
8	13	197332.0	197328.0	197330.0	0.0	 	2.0
8	14	205820.0	205824.0	205820.0	0.0	 	0.0
8	15	185060.0	185064.0	185060.0	0.0	 	0.0
8	16	110400.0	111816.0	111820.0	1420.0	 	0.0
8	17	144740.0	144744.0	144740.0	0.0	 	0.0
8	18	50208.0	50208.0	50208.0	0.0	 	0.0
9	0	73368.0	73368.0	73368.0	0.0	 	0.0
9	1	96336.0	96336.0	96336.0	0.0	 	0.0
9	2	160320.0	160320.0	160320.0	0.0	 	0.0
9	3	28284.0	28296.0	28843.0	559.0	 	0.0
9	4	50016.0	50016.0	50016.0	0.0	 	0.0
9	5	103920.0	103920.0	103920.0	0.0	 	0.0
9	6	182818.0	181056.0	181060.0	0.0	 	1758.0
9	7	69048.0	69048.0	69048.0	0.0	 	0.0
9	8	90074.0	90072.0	90072.0	0.0	 	2.0
9	10	215352.0	215352.0	215350.0	0.0	 	2.0
9	11	97608.0	97608.0	97608.0	0.0	 	0.0
9	12	99624.0	99624.0	99624.0	0.0	 	0.0
9	13	204960.0	204960.0	204960.0	0.0	 	0.0
9	14	151630.0	151632.0	151630.0	0.0	 	0.0
9	15	158280.0	158280.0	158280.0	0.0	 	0.0
9	16	61968.0	61968.0	61968.0	0.0	 	0.0
9	17	72312.0	72312.0	72312.0	0.0	 	0.0
9	18	118652.0	118656.0	118660.0	8.0	 	0.0
10	0	107636.0	107640.0	107640.0	4.0	 	0.0
10	1	214780.0	214776.0	214780.0	0.0	 	0.0
10	2	171580.0	171576.0	171580.0	0.0	 	0.0
10	3	28772.0	32328.0	32328.0	3556.0	 	0.0
10	4	141072.0	141072.0	141070.0	0.0	 	2.0
10	5	22000.0	22008.0	22008.0	8.0	 	0.0
10	6	119520.0	119520.0	119520.0	0.0	 	0.0
10	7	214174.0	214176.0	223910.0	9736.0	 	0.0
10	8	110216.0	108432.0	108430.0	0.0	 	1786.0
10	9	88388.0	84840.0	84840.0	0.0	 	3548.0
10	11	94488.0	94488.0	94488.0	0.0	 	0.0
10	12	220434.0	220440.0	228680.0	8246.0	 	0.0
10	13	148940.0	148944.0	148940.0	0.0	 	0.0
10	14	192800.0	192792.0	204820.0	12020.0	 	0.0
10	15	8400.0	8400.0	8400.0	0.0	 	0.0
10	16	87888.0	87888.0	87888.0	0.0	 	0.0
10	17	114960.0	114960.0	114960.0	0.0	 	0.0
10	18	92276.0	92256.0	100540.0	8264.0	 	0.0
11	0	57868.0	57864.0	57864.0	0.0	 	4.0
11	1	89488.0	89496.0	93933.0	4445.0	 	0.0
11	2	203280.0	203280.0	203280.0	0.0	 	0.0
11	3	135242.0	135240.0	137710.0	2468.0	 	0.0
11	4	171240.0	171240.0	171240.0	0.0	 	0.0
11	5	168892.0	168888.0	168890.0	0.0	 	2.0
11	6	188880.0	185280.0	188880.0	0.0	 	0.0
11	7	102366.0	100896.0	100900.0	0.0	 	1466.0
11	8	6216.0	6216.0	6216.0	0.0	 	0.0
11	9	16392.0	16392.0	16392.0	0.0	 	0.0
11	10	40080.0	40080.0	40080.0	0.0	 	0.0
11	12	116280.0	116280.0	116280.0	0.0	 	0.0
11	13	58488.0	58488.0	58488.0	0.0	 	0.0
11	14	145438.0	145440.0	145440.0	2.0	 	0.0
11	15	192912.0	192912.0	192910.0	0.0	 	2.0
11	16	78548.0	78552.0	78552.0	4.0	 	0.0
11	17	80160.0	80160.0	80160.0	0.0	 	0.0
11	18	17128.0	17136.0	17136.0	8.0	 	0.0
12	0	76880.0	76872.0	83031.0	6151.0	 	0.0
12	1	33504.0	33504.0	33504.0	0.0	 	0.0
12	2	145032.0	145032.0	145030.0	0.0	 	2.0
12	3	197400.0	197400.0	197400.0	0.0	 	0.0
12	4	172132.0	172128.0	172130.0	0.0	 	2.0
12	5	128330.0	128328.0	128330.0	0.0	 	0.0
12	6	140352.0	140352.0	140350.0	0.0	 	2.0
12	7	110300.0	110304.0	110300.0	0.0	 	0.0
12	8	198496.0	198504.0	198500.0	4.0	 	0.0
12	9	190320.0	190320.0	190320.0	0.0	 	0.0
12	10	191056.0	187800.0	204590.0	13534.0	 	0.0
12	11	103680.0	103680.0	103680.0	0.0	 	0.0
12	13	188880.0	188880.0	188880.0	0.0	 	0.0
12	14	137804.0	137808.0	137810.0	6.0	 	0.0
12	15	41788.0	41784.0	41784.0	0.0	 	4.0
12	16	132048.0	132048.0	138810.0	6762.0	 	0.0
12	17	64920.0	64920.0	64920.0	0.0	 	0.0
12	18	126070.0	126072.0	126070.0	0.0	 	0.0
13	0	83492.0	83496.0	83496.0	4.0	 	0.0
13	1	117028.0	118848.0	118850.0	1822.0	 	0.0
13	2	140976.0	140976.0	140980.0	4.0	 	0.0
13	3	128040.0	128040.0	128040.0	0.0	 	0.0
13	4	84000.0	84000.0	84000.0	0.0	 	0.0
13	5	55942.0	55944.0	55944.0	2.0	 	0.0
13	6	127204.0	127200.0	127200.0	0.0	 	4.0
13	7	221828.0	218184.0	239860.0	18032.0	 	0.0
13	8	30888.0	34464.0	34464.0	3576.0	 	0.0
13	9	191060.0	191064.0	191060.0	0.0	 	0.0
13	10	148404.0	145344.0	145340.0	0.0	 	3064.0
13	11	68890.0	68184.0	68889.0	-0.0	 	1.0
13	12	228000.0	228000.0	228000.0	0.0	 	0.0
13	14	116474.0	116472.0	116470.0	0.0	 	4.0
13	15	79512.0	79512.0	79512.0	0.0	 	0.0
13	16	3912.0	3912.0	3912.0	0.0	 	0.0
13	17	40632.0	40632.0	40632.0	0.0	 	0.0
13	18	122160.0	122160.0	122160.0	0.0	 	0.0
14	0	71304.0	71304.0	71304.0	0.0	 	0.0
14	1	195216.0	195216.0	195220.0	4.0	 	0.0
14	2	72720.0	72720.0	72720.0	0.0	 	0.0
14	3	114980.0	114984.0	114980.0	0.0	 	0.0
14	4	142852.0	142848.0	142850.0	0.0	 	2.0
14	5	44400.0	44400.0	44400.0	0.0	 	0.0
14	6	123056.0	119808.0	119810.0	0.0	 	3246.0
14	7	97776.0	97776.0	97776.0	0.0	 	0.0
14	8	105912.0	105912.0	105910.0	0.0	 	2.0
14	9	103394.0	101592.0	101590.0	0.0	 	1804.0
14	10	188828.0	188832.0	188830.0	2.0	 	0.0
14	11	123786.0	123048.0	123050.0	0.0	 	736.0
14	12	54484.0	54480.0	54480.0	0.0	 	4.0
14	13	146090.0	146088.0	146090.0	0.0	 	0.0
14	15	66146.0	66144.0	68824.0	2678.0	 	0.0
14	16	200380.0	200376.0	200380.0	0.0	 	0.0
14	17	198120.0	198120.0	198120.0	0.0	 	0.0
14	18	58268.0	58272.0	58272.0	4.0	 	0.0
15	0	178870.0	178872.0	178870.0	0.0	 	0.0
15	1	203712.0	203712.0	203710.0	0.0	 	2.0
15	2	47496.0	47496.0	47496.0	0.0	 	0.0
15	3	163420.0	163416.0	163420.0	0.0	 	0.0
15	4	85332.0	88584.0	88584.0	3252.0	 	0.0
15	5	150404.0	150408.0	150410.0	6.0	 	0.0
15	6	94608.0	94608.0	94608.0	0.0	 	0.0
15	7	152736.0	152736.0	152740.0	4.0	 	0.0
15	8	143040.0	143040.0	143040.0	0.0	 	0.0
15	9	69720.0	69720.0	69720.0	0.0	 	0.0
15	10	222800.0	224472.0	224470.0	1670.0	 	0.0
15	11	167888.0	169368.0	184270.0	16382.0	 	0.0
15	12	71302.0	70464.0	71302.0	0.0	 	0.0
15	13	44928.0	44928.0	44928.0	0.0	 	0.0
15	14	80794.0	76800.0	80794.0	0.0	 	0.0
15	16	117790.0	117792.0	117790.0	0.0	 	0.0
15	17	173640.0	173640.0	173640.0	0.0	 	0.0
15	18	104090.0	104088.0	104090.0	0.0	 	0.0
16	0	188232.0	188232.0	188230.0	0.0	 	2.0
16	1	136512.0	136512.0	136510.0	0.0	 	2.0
16	2	82416.0	82416.0	82416.0	0.0	 	0.0
16	3	47808.0	47808.0	47808.0	0.0	 	0.0
16	4	44088.0	44088.0	44088.0	0.0	 	0.0
16	5	124420.0	124416.0	124420.0	0.0	 	0.0
16	6	27192.0	27192.0	27192.0	0.0	 	0.0
16	7	165816.0	165816.0	165820.0	4.0	 	0.0
16	8	34008.0	34008.0	34008.0	0.0	 	0.0
16	9	219500.0	219504.0	219500.0	0.0	 	0.0
16	10	114888.0	115320.0	115320.0	432.0	 	0.0
16	11	221380.0	221376.0	221380.0	0.0	 	0.0
16	12	8592.0	8592.0	8592.0	0.0	 	0.0
16	13	174840.0	174840.0	174840.0	0.0	 	0.0
16	14	184102.0	184104.0	184100.0	0.0	 	2.0
16	15	84096.0	84096.0	84096.0	0.0	 	0.0
16	17	139440.0	139440.0	139440.0	0.0	 	0.0
16	18	71496.0	71496.0	71496.0	0.0	 	0.0
17	0	197520.0	197520.0	197520.0	0.0	 	0.0
17	1	157730.0	157728.0	157730.0	0.0	 	0.0
17	2	82056.0	82056.0	82056.0	0.0	 	0.0
17	3	225816.0	225816.0	233680.0	7864.0	 	0.0
17	4	15048.0	15048.0	15048.0	0.0	 	0.0
17	5	80760.0	80760.0	80760.0	0.0	 	0.0
17	6	40420.0	40416.0	40416.0	0.0	 	4.0
17	7	98108.0	98112.0	102070.0	3962.0	 	0.0
17	8	66912.0	66912.0	66912.0	0.0	 	0.0
17	9	148800.0	148800.0	148800.0	0.0	 	0.0
17	10	214150.0	214152.0	232640.0	18490.0	 	0.0
17	11	103440.0	103440.0	103440.0	0.0	 	0.0
17	12	42692.0	42696.0	42696.0	4.0	 	0.0
17	13	198340.0	198336.0	198340.0	0.0	 	0.0
17	14	128166.0	125400.0	125400.0	0.0	 	2766.0
17	15	128640.0	128640.0	128640.0	0.0	 	0.0
17	16	64152.0	64152.0	64152.0	0.0	 	0.0
17	18	4130.0	4128.0	4128.0	0.0	 	2.0
18	0	148466.0	148464.0	148460.0	0.0	 	6.0
18	1	161954.0	161952.0	161950.0	0.0	 	4.0
18	2	218906.0	218904.0	218900.0	0.0	 	6.0
18	3	61632.0	61632.0	61632.0	0.0	 	0.0
18	4	138140.0	138144.0	138140.0	0.0	 	0.0
18	5	139752.0	139752.0	139750.0	0.0	 	2.0
18	6	61152.0	61152.0	61152.0	0.0	 	0.0
18	7	80664.0	80664.0	80664.0	0.0	 	0.0
18	8	178264.0	175848.0	175850.0	0.0	 	2414.0
18	9	130392.0	130392.0	130390.0	0.0	 	2.0
18	10	59564.0	64392.0	64392.0	4828.0	 	0.0
18	11	33360.0	33360.0	33360.0	0.0	 	0.0
18	12	54106.0	53736.0	54104.0	0.0	 	2.0
18	13	202544.0	199392.0	210300.0	7756.0	 	0.0
18	14	26012.0	26016.0	26016.0	4.0	 	0.0
18	15	125274.0	124512.0	124510.0	0.0	 	764.0
18	16	170900.0	171768.0	187020.0	16120.0	 	0.0
18	17	108770.0	108768.0	108770.0	0.0	 	0.0

l	i	j	v Observado	v Estimado
0	0	1	373680.0	373680.0
1	0	1	373680.0	373680.0
0	0	2	177894.0	177894.0
1	0	2	177894.0	177894.0
0	0	3	290358.0	290358.0
1	0	3	290358.0	290358.0
0	1	4	199794.0	199794.0
1	1	4	199794.0	199794.0
0	2	4	177612.0	177612.0
1	2	4	177612.0	177612.0
0	2	5	215088.0	215088.0
1	2	5	215088.0	215088.0
0	3	5	237930.0	237930.0
1	3	5	237930.0	237930.0
0	1	6	125352.0	125352.0
1	1	6	125352.0	125352.0
0	0	17	91710.0	91710.0
0	17	6	162702.0	162702.0
1	0	17	91710.0	91710.0
1	17	6	162702.0	162702.0
0	1	7	277746.0	277746.0
1	1	7	277746.0	277746.0
0	0	11	427260.0	427260.0
0	11	7	224808.0	224808.0
1	0	11	427260.0	427260.0
1	11	7	224808.0	224808.0
0	1	8	269202.0	269202.0
1	1	8	269202.0	269202.0
0	0	18	163044.0	163044.0
0	18	8	353064.0	353064.0
1	0	18	163044.0	163044.0
1	18	8	353064.0	353064.0
0	11	9	152772.0	152772.0
1	11	9	152772.0	152772.0
0	0	14	240084.0	240084.0
0	14	9	299226.0	299226.0
1	0	14	240084.0	240084.0
1	14	9	299226.0	299226.0
0	11	10	64512.0	64512.0
1	11	10	64512.0	64512.0
0	18	12	192312.0	192312.0
1	18	12	192312.0	192312.0
0	11	12	179688.0	179688.0
1	11	12	179688.0	179688.0
0	0	16	228558.0	228558.0
0	16	13	584250.0	584250.0
1	0	16	228558.0	228558.0
1	16	13	584250.0	584250.0
0	11	13	199200.0	199200.0
1	11	13	199200.0	199200.0
0	0	15	181746.0	181746.0
1	0	15	181746.0	181746.0
0	1	0	335922.0	335922.0
1	1	0	335922.0	335922.0
0	1	2	140490.0	140490.0
1	1	2	140490.0	140490.0
0	1	3	121074.0	121074.0
1	1	3	121074.0	121074.0
0	4	9	124314.0	124314.0
1	4	9	124314.0	124314.0
0	7	9	32766.0	32766.0
1	7	9	32766.0	32766.0
0	7	10	312132.0	312132.0
1	7	10	312132.0	312132.0
0	8	10	230718.0	230718.0
1	8	10	230718.0	230718.0
0	7	11	246036.0	246036.0
1	7	11	246036.0	246036.0
0	1	18	223932.0	223932.0
1	1	18	223932.0	223932.0
0	7	12	274590.0	274590.0
1	7	12	274590.0	274590.0
0	1	17	249090.0	249090.0
0	17	14	199884.0	199884.0
1	1	17	249090.0	249090.0
1	17	14	199884.0	199884.0
0	18	15	266460.0	266460.0
1	18	15	266460.0	266460.0
0	2	16	131934.0	131934.0
1	2	16	131934.0	131934.0
0	2	0	172464.0	172464.0
1	2	0	172464.0	172464.0
0	2	1	110418.0	110418.0
1	2	1	110418.0	110418.0
0	2	3	107430.0	107430.0
1	2	3	107430.0	107430.0
0	3	6	90624.0	90624.0
1	3	6	90624.0	90624.0
0	4	7	130164.0	130164.0
1	4	7	130164.0	130164.0
0	5	8	220056.0	220056.0
1	5	8	220056.0	220056.0
0	5	12	224868.0	224868.0
1	5	12	224868.0	224868.0
0	2	18	236322.0	236322.0
1	2	18	236322.0	236322.0
0	5	13	219252.0	219252.0
1	5	13	219252.0	219252.0
0	5	14	154848.0	154848.0
1	5	14	154848.0	154848.0
0	2	17	114546.0	114546.0
1	2	17	114546.0	114546.0
0	3	0	304194.0	304194.0
1	3	0	304194.0	304194.0
0	3	1	248784.0	248784.0
1	3	1	248784.0	248784.0
0	3	2	173370.0	173370.0
1	3	2	173370.0	173370.0
0	3	4	107436.0	107436.0
1	3	4	107436.0	107436.0
0	6	9	243102.0	243102.0
1	6	9	243102.0	243102.0
0	3	16	139386.0	139386.0
1	3	16	139386.0	139386.0
0	16	15	72126.0	72126.0
1	16	15	72126.0	72126.0
0	4	3	176652.0	176652.0
1	4	3	176652.0	176652.0
0	4	2	363120.0	363120.0
1	4	2	363120.0	363120.0
0	4	1	125706.0	125706.0
1	4	1	125706.0	125706.0
0	4	5	277230.0	277230.0
1	4	5	277230.0	277230.0
0	4	6	120156.0	120156.0
1	4	6	120156.0	120156.0
0	6	8	222774.0	222774.0
1	6	8	222774.0	222774.0
0	9	10	174114.0	174114.0
1	9	10	174114.0	174114.0
0	9	11	126282.0	126282.0
1	9	11	126282.0	126282.0
0	6	14	96084.0	96084.0
1	6	14	96084.0	96084.0
0	6	17	327108.0	327108.0
1	6	17	327108.0	327108.0
0	5	3	325536.0	325536.0
1	5	3	325536.0	325536.0
0	5	2	384732.0	384732.0
1	5	2	384732.0	384732.0
0	5	4	160482.0	160482.0
1	5	4	160482.0	160482.0
0	5	6	164832.0	164832.0
0	6	1	197232.0	197232.0
1	5	6	164832.0	164832.0
1	6	1	197232.0	197232.0
0	5	7	70092.0	70092.0
1	5	7	70092.0	70092.0
0	8	11	90630.0	90630.0
1	8	11	90630.0	90630.0
0	13	15	151290.0	151290.0
1	13	15	151290.0	151290.0
0	12	15	235200.0	235200.0
1	12	15	235200.0	235200.0
0	6	16	209172.0	209172.0
1	6	16	209172.0	209172.0
0	8	18	299316.0	299316.0
1	8	18	299316.0	299316.0
0	6	3	202128.0	202128.0
1	6	3	202128.0	202128.0
0	6	5	173016.0	173016.0
1	6	5	173016.0	173016.0
0	6	4	213828.0	213828.0
1	6	4	213828.0	213828.0
0	6	7	313422.0	313422.0
1	6	7	313422.0	313422.0
0	17	15	145506.0	145506.0
1	17	15	145506.0	145506.0
0	7	1	200274.0	200274.0
1	7	1	200274.0	200274.0
0	11	0	375762.0	375762.0
1	11	0	375762.0	375762.0
0	7	5	197352.0	197352.0
1	7	5	197352.0	197352.0
0	7	4	263016.0	263016.0
1	7	4	263016.0	263016.0
0	7	6	150282.0	150282.0
1	7	6	150282.0	150282.0
0	7	8	102414.0	102414.0
1	7	8	102414.0	102414.0
0	10	13	272802.0	272802.0
1	10	13	272802.0	272802.0
0	8	1	200112.0	200112.0
1	8	1	200112.0	200112.0
0	8	5	263418.0	263418.0
1	8	5	263418.0	263418.0
0	8	6	290112.0	290112.0
1	8	6	290112.0	290112.0
0	8	7	142878.0	142878.0
1	8	7	142878.0	142878.0
0	8	9	254046.0	254046.0
0	9	4	391998.0	391998.0
1	8	9	254046.0	254046.0
1	9	4	391998.0	391998.0
0	9	12	163428.0	163428.0
1	9	12	163428.0	163428.0
0	9	14	266952.0	266952.0
1	9	14	266952.0	266952.0
0	18	16	194382.0	194382.0
1	18	16	194382.0	194382.0
0	14	0	171636.0	171636.0
1	14	0	171636.0	171636.0
0	9	8	124764.0	124764.0
1	9	8	124764.0	124764.0
0	9	7	84588.0	84588.0
1	9	7	84588.0	84588.0
0	9	6	316104.0	316104.0
1	9	6	316104.0	316104.0
0	14	15	87210.0	87210.0
1	14	15	87210.0	87210.0
0	14	16	215256.0	215256.0
1	14	16	215256.0	215256.0
0	14	17	230550.0	230550.0
1	14	17	230550.0	230550.0
0	12	18	209790.0	209790.0
1	12	18	209790.0	209790.0
0	10	11	149262.0	149262.0
1	10	11	149262.0	149262.0
0	10	8	224598.0	224598.0
1	10	8	224598.0	224598.0
0	10	7	196050.0	196050.0
1	10	7	196050.0	196050.0
0	10	9	315198.0	315198.0
1	10	9	315198.0	315198.0
0	10	12	140886.0	140886.0
0	12	5	246846.0	246846.0
1	10	12	140886.0	140886.0
1	12	5	246846.0	246846.0
0	11	14	160596.0	160596.0
1	11	14	160596.0	160596.0
0	13	16	197604.0	197604.0
1	13	16	197604.0	197604.0
0	11	8	160806.0	160806.0
1	11	8	160806.0	160806.0
0	13	5	248154.0	248154.0
1	13	5	248154.0	248154.0
0	12	11	120684.0	120684.0
1	12	11	120684.0	120684.0
0	12	14	172452.0	172452.0
1	12	14	172452.0	172452.0
0	12	7	321342.0	321342.0
1	12	7	321342.0	321342.0
0	18	1	229110.0	229110.0
1	18	1	229110.0	229110.0
0	18	2	215184.0	215184.0
1	18	2	215184.0	215184.0
0	12	9	271074.0	271074.0
1	12	9	271074.0	271074.0
0	14	6	256926.0	256926.0
1	14	6	256926.0	256926.0
0	12	10	262950.0	262950.0
1	12	10	262950.0	262950.0
0	12	13	127452.0	127452.0
1	12	13	127452.0	127452.0
0	15	17	176010.0	176010.0
1	15	17	176010.0	176010.0
0	13	14	168834.0	168834.0
1	13	14	168834.0	168834.0
0	13	11	215814.0	215814.0
1	13	11	215814.0	215814.0
0	13	12	306276.0	306276.0
1	13	12	306276.0	306276.0
0	16	2	106506.0	106506.0
1	16	2	106506.0	106506.0
0	16	3	208398.0	208398.0
1	16	3	208398.0	208398.0
0	16	6	241644.0	241644.0
1	16	6	241644.0	241644.0
0	13	10	349350.0	349350.0
1	13	10	349350.0	349350.0
0	15	18	219600.0	219600.0
1	15	18	219600.0	219600.0
0	17	1	257742.0	257742.0
1	17	1	257742.0	257742.0
0	17	2	71082.0	71082.0
1	17	2	71082.0	71082.0
0	14	5	111096.0	111096.0
1	14	5	111096.0	111096.0
0	14	12	115608.0	115608.0
1	14	12	115608.0	115608.0
0	14	11	235992.0	235992.0
1	14	11	235992.0	235992.0
0	14	13	120252.0	120252.0
1	14	13	120252.0	120252.0
0	15	0	130290.0	130290.0
1	15	0	130290.0	130290.0
0	15	16	135276.0	135276.0
1	15	16	135276.0	135276.0
0	15	14	203718.0	203718.0
1	15	14	203718.0	203718.0
0	15	13	257958.0	257958.0
1	15	13	257958.0	257958.0
0	15	12	197970.0	197970.0
1	15	12	197970.0	197970.0
0	16	0	94116.0	94116.0
1	16	0	94116.0	94116.0
0	16	17	103848.0	103848.0
1	16	17	103848.0	103848.0
0	16	18	78378.0	78378.0
1	16	18	78378.0	78378.0
0	16	14	235524.0	235524.0
1	16	14	235524.0	235524.0
0	17	0	181074.0	181074.0
1	17	0	181074.0	181074.0
0	17	16	245190.0	245190.0
1	17	16	245190.0	245190.0
0	17	18	29466.0	29466.0
1	17	18	29466.0	29466.0
0	18	0	104484.0	104484.0
1	18	0	104484.0	104484.0
0	18	17	76176.0	76176.0
1	18	17	76176.0	76176.0
