-----------------------------------------------------
-----     Resultados    -----
-----------------------------------------------------

Parametro Deficit (alfa): 1.0
Parametro Exceso (beta):  1.0
Parametro de probabilidades (epsilon): 0.0
CPU time: 0.001
p	q	g Estimada	g Exacta	g Referencia	Deficit	Exceso
0	1	2818.0	2818.0	2818.0	0.0	 	0.0
0	2	202.0	202.0	202.0	0.0	 	0.0
0	3	3678.0	3678.0	3678.0	0.0	 	0.0
1	0	1456.0	1456.0	1456.0	0.0	 	0.0
1	2	614.0	614.0	614.0	0.0	 	0.0
1	3	1700.0	1700.0	1700.0	0.0	 	0.0
2	0	1556.0	1556.0	1566.0	10.0	 	0.0
2	1	3348.0	3348.0	3465.0	117.0	 	0.0
2	3	2188.0	2188.0	2188.0	0.0	 	0.0
3	0	548.0	548.0	548.0	0.0	 	0.0
3	1	500.0	500.0	500.0	0.0	 	0.0
3	2	706.0	706.0	706.0	0.0	 	0.0

l	i	j	v Observado	v Estimado
0	0	1	2818.0	2818.0
0	0	2	202.0	202.0
0	0	3	3678.0	3678.0
0	1	0	1456.0	1456.0
0	1	2	614.0	614.0
0	1	3	1700.0	1700.0
0	2	0	1556.0	1556.0
0	2	1	3348.0	3348.0
0	2	3	2188.0	2188.0
0	3	0	548.0	548.0
0	3	1	500.0	500.0
0	3	2	706.0	706.0
