-----------------------------------------------------
-----     Resultados    -----
-----------------------------------------------------

Parametro Deficit (alfa): 1.0
Parametro Exceso (beta):  1.0
Parametro de probabilidades (epsilon): 0.0
CPU time: 0.013
p	q	g Estimada	g Exacta	g Referencia	Deficit	Exceso
0	1	4584.0	4168.0	4584.0	0.0	 	0.0
0	2	14064.0	14064.0	14064.0	0.0	 	0.0
0	3	18330.0	18376.0	18376.0	46.0	 	0.0
0	4	22872.0	22872.0	22872.0	0.0	 	0.0
0	5	3204.0	2888.0	2888.0	0.0	 	316.0
0	6	14904.0	14904.0	14904.0	0.0	 	0.0
1	0	6462.0	6192.0	6192.0	0.0	 	270.0
1	2	9650.0	9408.0	9408.0	0.0	 	242.0
1	3	27000.0	27000.0	27000.0	0.0	 	0.0
1	4	18636.0	19176.0	19176.0	540.0	 	0.0
1	5	4760.0	4760.0	4760.0	0.0	 	0.0
1	6	16304.0	16304.0	16304.0	0.0	 	0.0
2	0	4816.0	4816.0	4816.0	0.0	 	0.0
2	1	17124.0	16680.0	16680.0	0.0	 	444.0
2	3	7918.0	7648.0	7919.0	1.0	 	0.0
2	4	13656.0	13656.0	13656.0	0.0	 	0.0
2	5	14352.0	14352.0	14352.0	0.0	 	0.0
2	6	496.0	496.0	496.0	0.0	 	0.0
3	0	8776.0	9032.0	9032.0	256.0	 	0.0
3	1	7592.0	7592.0	7592.0	0.0	 	0.0
3	2	22266.0	22224.0	22224.0	0.0	 	42.0
3	4	4006.0	3736.0	3736.0	0.0	 	270.0
3	5	27472.0	27216.0	27216.0	0.0	 	256.0
3	6	19856.0	19856.0	19856.0	0.0	 	0.0
4	0	19344.0	19344.0	19344.0	0.0	 	0.0
4	1	14392.0	15280.0	15280.0	888.0	 	0.0
4	2	13300.0	12856.0	13300.0	0.0	 	0.0
4	3	10576.0	10576.0	10576.0	0.0	 	0.0
4	5	12916.0	12472.0	12472.0	0.0	 	444.0
4	6	20904.0	20904.0	20904.0	0.0	 	0.0
5	0	19364.0	18664.0	19365.0	1.0	 	0.0
5	1	7872.0	7872.0	7872.0	0.0	 	0.0
5	2	690.0	760.0	760.0	70.0	 	0.0
5	3	25858.0	25472.0	25858.0	0.0	 	0.0
5	4	21536.0	21536.0	21536.0	0.0	 	0.0
5	6	26800.0	26800.0	26800.0	0.0	 	0.0
6	0	7172.0	7200.0	7200.0	28.0	 	0.0
6	1	12264.0	12264.0	12264.0	0.0	 	0.0
6	2	11416.0	11360.0	12108.0	692.0	 	0.0
6	3	14614.0	14912.0	14912.0	298.0	 	0.0
6	4	8646.0	8376.0	8991.0	345.0	 	0.0
6	5	22736.0	22736.0	22736.0	0.0	 	0.0

l	i	j	v Observado	v Estimado
0	0	1	25844.0	25844.0
1	0	1	25844.0	25844.0
0	1	2	32870.0	32870.0
1	1	2	32870.0	32870.0
0	0	5	29242.0	29242.0
0	5	3	32600.0	32600.0
1	0	5	29242.0	29242.0
1	5	3	32600.0	32600.0
0	5	4	31186.0	31186.0
1	5	4	31186.0	31186.0
0	0	6	15728.0	15728.0
1	0	6	15728.0	15728.0
0	1	0	20954.0	20954.0
1	1	0	20954.0	20954.0
0	2	3	36246.0	36246.0
1	2	3	36246.0	36246.0
0	3	4	13490.0	13490.0
1	3	4	13490.0	13490.0
0	2	1	18488.0	18488.0
1	2	1	18488.0	18488.0
0	3	5	35352.0	35352.0
1	3	5	35352.0	35352.0
0	5	6	33904.0	33904.0
1	5	6	33904.0	33904.0
0	5	0	31276.0	31276.0
1	5	0	31276.0	31276.0
0	3	2	28376.0	28376.0
1	3	2	28376.0	28376.0
0	4	5	30180.0	30180.0
1	4	5	30180.0	30180.0
0	4	3	15536.0	15536.0
1	4	3	15536.0	15536.0
0	6	0	12572.0	12572.0
1	6	0	12572.0	12572.0
0	6	5	25852.0	25852.0
1	6	5	25852.0	25852.0
