-----------------------------------------------------
-----     Resultados    -----
-----------------------------------------------------

Parametro Deficit (alfa): 1.0
Parametro Exceso (beta):  1.0
Parametro de probabilidades (epsilon): 0.0
CPU time: 0.02
p	q	g Estimada	g Exacta	g Referencia	Deficit	Exceso
0	1	14688.0	14688.0	14688.0	0.0	 	0.0
0	2	33776.0	33776.0	33776.0	0.0	 	0.0
0	3	20760.0	20760.0	20760.0	0.0	 	0.0
0	4	78.0	72.0	72.0	0.0	 	6.0
0	5	31130.0	31136.0	31136.0	6.0	 	0.0
0	6	18576.0	18576.0	18576.0	0.0	 	0.0
0	7	19920.0	19920.0	19920.0	0.0	 	0.0
0	8	12952.0	12952.0	12952.0	0.0	 	0.0
1	0	10824.0	9752.0	9752.0	0.0	 	1072.0
1	2	16222.0	16024.0	16024.0	0.0	 	198.0
1	3	19432.0	19432.0	19432.0	0.0	 	0.0
1	4	682.0	616.0	616.0	0.0	 	66.0
1	5	11952.0	11952.0	11952.0	0.0	 	0.0
1	6	8784.0	8784.0	8784.0	0.0	 	0.0
1	7	17568.0	17568.0	17568.0	0.0	 	0.0
1	8	6588.0	5936.0	5936.0	0.0	 	652.0
2	0	22072.0	22072.0	22072.0	0.0	 	0.0
2	1	29026.0	27640.0	29026.0	0.0	 	0.0
2	3	256.0	256.0	256.0	0.0	 	0.0
2	4	24944.0	24944.0	24944.0	0.0	 	0.0
2	5	9222.0	9288.0	9288.0	66.0	 	0.0
2	6	14256.0	14256.0	14256.0	0.0	 	0.0
2	7	31184.0	31184.0	31184.0	0.0	 	0.0
2	8	29248.0	29248.0	29248.0	0.0	 	0.0
3	0	21240.0	22312.0	22377.0	1137.0	 	0.0
3	1	10152.0	9536.0	10153.0	1.0	 	0.0
3	2	19722.0	18216.0	19721.0	0.0	 	1.0
3	4	2930.0	2640.0	2640.0	0.0	 	290.0
3	5	28654.0	28696.0	28696.0	42.0	 	0.0
3	6	33152.0	33152.0	33152.0	0.0	 	0.0
3	7	22040.0	22040.0	22040.0	0.0	 	0.0
3	8	21392.0	22504.0	22504.0	1112.0	 	0.0
4	0	5392.0	5392.0	5392.0	0.0	 	0.0
4	1	32320.0	32320.0	32320.0	0.0	 	0.0
4	2	25252.0	25648.0	25648.0	396.0	 	0.0
4	3	18474.0	18288.0	18288.0	0.0	 	186.0
4	5	13714.0	13600.0	14171.0	457.0	 	0.0
4	6	5342.0	5232.0	5342.0	0.0	 	0.0
4	7	16334.0	15792.0	17302.0	968.0	 	0.0
4	8	19360.0	19552.0	19552.0	192.0	 	0.0
5	0	28896.0	28896.0	28896.0	0.0	 	0.0
5	1	35686.0	35624.0	37907.0	2221.0	 	0.0
5	2	12690.0	12752.0	12752.0	62.0	 	0.0
5	3	25576.0	25576.0	25576.0	0.0	 	0.0
5	4	27664.0	27664.0	27664.0	0.0	 	0.0
5	6	24018.0	24128.0	24128.0	110.0	 	0.0
5	7	24530.0	25072.0	25072.0	542.0	 	0.0
5	8	31732.0	31080.0	33745.0	2013.0	 	0.0
6	0	21200.0	21200.0	21200.0	0.0	 	0.0
6	1	34692.0	34768.0	37447.0	2755.0	 	0.0
6	2	3618.0	3544.0	3621.0	3.0	 	0.0
6	3	26320.0	26320.0	26320.0	0.0	 	0.0
6	4	5498.0	5496.0	5496.0	0.0	 	2.0
6	5	22128.0	22128.0	22128.0	0.0	 	0.0
6	7	25344.0	25344.0	25344.0	0.0	 	0.0
6	8	23880.0	23880.0	23880.0	0.0	 	0.0
7	0	35168.0	35168.0	35168.0	0.0	 	0.0
7	1	1640.0	1640.0	1640.0	0.0	 	0.0
7	2	3816.0	3816.0	3816.0	0.0	 	0.0
7	3	30256.0	30256.0	30256.0	0.0	 	0.0
7	4	31128.0	31128.0	31128.0	0.0	 	0.0
7	5	15344.0	15344.0	15344.0	0.0	 	0.0
7	6	23144.0	23144.0	23144.0	0.0	 	0.0
7	8	32416.0	32416.0	32416.0	0.0	 	0.0
8	0	4784.0	4784.0	4784.0	0.0	 	0.0
8	1	9248.0	9248.0	9248.0	0.0	 	0.0
8	2	21728.0	21728.0	21728.0	0.0	 	0.0
8	3	35160.0	35160.0	35160.0	0.0	 	0.0
8	4	7832.0	7832.0	7832.0	0.0	 	0.0
8	5	35312.0	35312.0	35312.0	0.0	 	0.0
8	6	2272.0	2272.0	2272.0	0.0	 	0.0
8	7	23688.0	23688.0	23688.0	0.0	 	0.0

l	i	j	v Observado	v Estimado
0	0	1	82460.0	82460.0
1	0	1	82460.0	82460.0
0	1	2	67158.0	67158.0
1	1	2	67158.0	67158.0
0	2	3	38188.0	38188.0
1	2	3	38188.0	38188.0
0	1	4	60140.0	60140.0
1	1	4	60140.0	60140.0
0	4	5	47336.0	47336.0
1	4	5	47336.0	47336.0
0	4	6	76974.0	76974.0
1	4	6	76974.0	76974.0
0	0	8	61374.0	61374.0
0	8	7	68176.0	68176.0
0	7	6	85484.0	85484.0
1	0	8	61374.0	61374.0
1	8	7	68176.0	68176.0
1	7	6	85484.0	85484.0
0	1	0	89806.0	89806.0
1	1	0	89806.0	89806.0
0	4	3	79382.0	79382.0
1	4	3	79382.0	79382.0
0	6	7	99606.0	99606.0
1	6	7	99606.0	99606.0
0	2	1	84450.0	84450.0
1	2	1	84450.0	84450.0
0	3	4	65306.0	65306.0
1	3	4	65306.0	65306.0
0	3	2	43788.0	43788.0
1	3	2	43788.0	43788.0
0	4	1	87894.0	87894.0
1	4	1	87894.0	87894.0
0	7	8	78450.0	78450.0
1	7	8	78450.0	78450.0
0	5	4	65256.0	65256.0
1	5	4	65256.0	65256.0
0	5	6	40140.0	40140.0
1	5	6	40140.0	40140.0
0	8	0	52876.0	52876.0
1	8	0	52876.0	52876.0
0	6	4	83168.0	83168.0
1	6	4	83168.0	83168.0
0	6	5	36392.0	36392.0
1	6	5	36392.0	36392.0
