-----------------------------------------------------
-----     Resultados    -----
-----------------------------------------------------

Parametro Deficit (alfa): 1.0
Parametro Exceso (beta):  1.0
Parametro de probabilidades (epsilon): 0.0
CPU time: 0.011
p	q	g Estimada	g Exacta	g Referencia	Deficit	Exceso
0	1	26274.0	26274.0	26274.0	0.0	 	0.0
0	2	18906.0	18906.0	18906.0	0.0	 	0.0
0	3	872.0	930.0	872.0	0.0	 	0.0
0	4	10300.0	9840.0	9840.0	0.0	 	460.0
0	5	7148.0	7146.0	7146.0	0.0	 	2.0
0	6	29304.0	29304.0	29304.0	0.0	 	0.0
0	7	12906.0	12906.0	12906.0	0.0	 	0.0
0	8	26694.0	26694.0	26694.0	0.0	 	0.0
0	9	21336.0	21618.0	21301.0	0.0	 	35.0
1	0	15534.0	15534.0	15534.0	0.0	 	0.0
1	2	26820.0	26820.0	26820.0	0.0	 	0.0
1	3	15810.0	15810.0	15810.0	0.0	 	0.0
1	4	16828.0	16068.0	16053.0	0.0	 	775.0
1	5	27744.0	27744.0	27744.0	0.0	 	0.0
1	6	14700.0	14700.0	14700.0	0.0	 	0.0
1	7	14388.0	14388.0	14388.0	0.0	 	0.0
1	8	2406.0	2406.0	2406.0	0.0	 	0.0
1	9	10278.0	10278.0	10278.0	0.0	 	0.0
2	0	6600.0	6600.0	6600.0	0.0	 	0.0
2	1	27268.0	26508.0	26508.0	0.0	 	760.0
2	3	1128.0	1128.0	1128.0	0.0	 	0.0
2	4	11466.0	11466.0	11466.0	0.0	 	0.0
2	5	25426.0	26946.0	24271.0	0.0	 	1155.0
2	6	7678.0	6918.0	6918.0	0.0	 	760.0
2	7	29316.0	29316.0	29316.0	0.0	 	0.0
2	8	1596.0	1596.0	1596.0	0.0	 	0.0
2	9	9648.0	9648.0	9648.0	0.0	 	0.0
3	0	26364.0	26364.0	26364.0	0.0	 	0.0
3	1	22470.0	22470.0	22470.0	0.0	 	0.0
3	2	10710.0	10710.0	10710.0	0.0	 	0.0
3	4	13716.0	13716.0	13716.0	0.0	 	0.0
3	5	27394.0	27258.0	27258.0	0.0	 	136.0
3	6	16027.0	14592.0	14592.0	0.0	 	1435.0
3	7	20396.0	20310.0	20310.0	0.0	 	86.0
3	8	18358.0	19926.0	18358.0	0.0	 	0.0
3	9	4235.0	4332.0	4235.0	0.0	 	0.0
4	0	30945.0	29970.0	28369.0	0.0	 	2576.0
4	1	19002.0	19002.0	19002.0	0.0	 	0.0
4	2	23832.0	23832.0	23832.0	0.0	 	0.0
4	3	27774.0	27774.0	27774.0	0.0	 	0.0
4	5	324.0	324.0	324.0	0.0	 	0.0
4	6	23745.0	23808.0	23744.0	0.0	 	1.0
4	7	19170.0	19170.0	19170.0	0.0	 	0.0
4	8	18531.0	18822.0	18531.0	0.0	 	0.0
4	9	30000.0	30000.0	30000.0	0.0	 	0.0
5	0	4770.0	4770.0	4770.0	0.0	 	0.0
5	1	20958.0	20958.0	20958.0	0.0	 	0.0
5	2	7926.0	7926.0	7926.0	0.0	 	0.0
5	3	28644.0	28644.0	28644.0	0.0	 	0.0
5	4	14325.0	13788.0	13788.0	0.0	 	537.0
5	6	8442.0	8442.0	8442.0	0.0	 	0.0
5	7	12108.0	12108.0	12108.0	0.0	 	0.0
5	8	1425.0	1404.0	1404.0	0.0	 	21.0
5	9	15538.0	16104.0	15538.0	0.0	 	0.0
6	0	14869.0	16134.0	14869.0	0.0	 	0.0
6	1	23160.0	23160.0	23160.0	0.0	 	0.0
6	2	7014.0	7014.0	7014.0	0.0	 	0.0
6	3	3726.0	3726.0	3726.0	0.0	 	0.0
6	4	13275.0	13188.0	12809.0	0.0	 	466.0
6	5	6686.0	6024.0	6024.0	0.0	 	662.0
6	7	1432.0	1518.0	1432.0	0.0	 	0.0
6	8	26243.0	24696.0	24696.0	0.0	 	1547.0
6	9	23418.0	22182.0	22182.0	0.0	 	1236.0
7	0	20760.0	20760.0	20760.0	0.0	 	0.0
7	1	8862.0	8862.0	8862.0	0.0	 	0.0
7	2	20532.0	20532.0	20532.0	0.0	 	0.0
7	3	18582.0	18582.0	18582.0	0.0	 	0.0
7	4	17472.0	17472.0	17472.0	0.0	 	0.0
7	5	4500.0	4500.0	4500.0	0.0	 	0.0
7	6	24942.0	24942.0	24942.0	0.0	 	0.0
7	8	3420.0	3420.0	3420.0	0.0	 	0.0
7	9	21462.0	21462.0	21462.0	0.0	 	0.0
8	0	11424.0	11424.0	11424.0	0.0	 	0.0
8	1	14016.0	14016.0	14016.0	0.0	 	0.0
8	2	4068.0	4068.0	4068.0	0.0	 	0.0
8	3	16470.0	16470.0	16470.0	0.0	 	0.0
8	4	11736.0	11736.0	11736.0	0.0	 	0.0
8	5	8190.0	8190.0	8190.0	0.0	 	0.0
8	6	24624.0	24624.0	24624.0	0.0	 	0.0
8	7	24414.0	24414.0	24414.0	0.0	 	0.0
8	9	5298.0	5298.0	5298.0	0.0	 	0.0
9	0	4162.0	3750.0	3750.0	0.0	 	412.0
9	1	18348.0	18348.0	18348.0	0.0	 	0.0
9	2	10356.0	10356.0	10356.0	0.0	 	0.0
9	3	9968.0	9918.0	9918.0	0.0	 	50.0
9	4	16813.0	18036.0	16484.0	0.0	 	329.0
9	5	8974.0	8262.0	8262.0	0.0	 	712.0
9	6	8407.0	8358.0	8358.0	0.0	 	49.0
9	7	13434.0	13434.0	13434.0	0.0	 	0.0
9	8	4665.0	4374.0	4374.0	0.0	 	291.0

l	i	j	v Observado	v Estimado
0	0	1	132222.0	132222.0
0	1	2	88203.0	88203.0
0	0	4	83698.0	83698.0
0	4	3	88162.0	88162.0
0	0	6	64336.0	64336.0
0	6	3	77275.0	77275.0
0	4	5	74941.0	74941.0
0	6	5	53785.0	53785.0
0	0	7	81186.0	81186.0
0	0	9	160266.0	160266.0
0	9	8	46464.0	46464.0
0	7	8	74322.0	74322.0
0	1	0	89010.0	89010.0
0	2	3	50613.0	50613.0
0	1	4	70923.0	70923.0
0	2	1	88653.0	88653.0
0	3	4	66223.0	66223.0
0	3	6	125422.0	125422.0
0	6	7	95418.0	95418.0
0	4	0	141901.0	141901.0
0	6	0	81439.0	81439.0
0	3	2	61101.0	61101.0
0	4	1	63111.0	63111.0
0	5	6	46597.0	46597.0
0	5	4	79879.0	79879.0
0	7	0	99555.0	99555.0
0	7	6	109608.0	109608.0
0	8	9	23775.0	23775.0
0	8	7	113913.0	113913.0
0	9	0	91491.0	91491.0
