-----------------------------------------------------
-----     Resultados    -----
-----------------------------------------------------

Parametro Deficit (alfa): 1.0
Parametro Exceso (beta):  1.0
Parametro de probabilidades (epsilon): 0.0
CPU time: 0.016
p	q	g Estimada	g Exacta	g Referencia	Deficit	Exceso
0	1	48264.0	48264.0	48264.0	0.0	 	0.0
0	2	33948.0	33948.0	33948.0	0.0	 	0.0
0	3	5556.0	5556.0	5556.0	0.0	 	0.0
0	4	17292.0	17292.0	17292.0	0.0	 	0.0
0	5	7332.0	7140.0	7140.0	0.0	 	192.0
0	6	54576.0	54576.0	54576.0	0.0	 	0.0
0	7	65592.0	65592.0	65592.0	0.0	 	0.0
0	8	46596.0	46596.0	46596.0	0.0	 	0.0
0	9	21408.0	21408.0	20905.0	0.0	 	503.0
0	10	36846.0	36504.0	36504.0	0.0	 	342.0
1	0	42660.0	42660.0	42660.0	0.0	 	0.0
1	2	23016.0	23016.0	23016.0	0.0	 	0.0
1	3	56250.0	55620.0	55620.0	0.0	 	630.0
1	4	29220.0	29220.0	29220.0	0.0	 	0.0
1	5	48384.0	48384.0	48384.0	0.0	 	0.0
1	6	56724.0	56724.0	56724.0	0.0	 	0.0
1	7	38748.0	38748.0	38748.0	0.0	 	0.0
1	8	47556.0	47556.0	47556.0	0.0	 	0.0
1	9	58524.0	58524.0	53699.0	0.0	 	4825.0
1	10	2850.0	2568.0	2568.0	0.0	 	282.0
2	0	52350.0	52068.0	52068.0	0.0	 	282.0
2	1	7674.0	7392.0	7392.0	0.0	 	282.0
2	3	41940.0	41940.0	41940.0	0.0	 	0.0
2	4	42598.0	42336.0	42336.0	0.0	 	262.0
2	5	54888.0	54888.0	54888.0	0.0	 	0.0
2	6	16034.0	16296.0	16034.0	0.0	 	0.0
2	7	50232.0	50232.0	50232.0	0.0	 	0.0
2	8	28020.0	28020.0	28020.0	0.0	 	0.0
2	9	3624.0	3624.0	3624.0	0.0	 	0.0
2	10	52776.0	53340.0	51692.0	0.0	 	1084.0
3	0	38856.0	38856.0	38856.0	0.0	 	0.0
3	1	11688.0	11688.0	11688.0	0.0	 	0.0
3	2	61998.0	60780.0	60780.0	0.0	 	1218.0
3	4	64174.0	63876.0	57815.0	0.0	 	6359.0
3	5	56868.0	56868.0	56868.0	0.0	 	0.0
3	6	58200.0	58200.0	58200.0	0.0	 	0.0
3	7	22272.0	22272.0	22272.0	0.0	 	0.0
3	8	10694.0	9636.0	9636.0	0.0	 	1058.0
3	9	51996.0	51996.0	51996.0	0.0	 	0.0
3	10	9960.0	9960.0	9960.0	0.0	 	0.0
4	0	6336.0	6276.0	5963.0	0.0	 	373.0
4	1	20964.0	20964.0	20964.0	0.0	 	0.0
4	2	21684.0	21684.0	21684.0	0.0	 	0.0
4	3	49418.0	48360.0	48360.0	0.0	 	1058.0
4	5	3588.0	3588.0	3588.0	0.0	 	0.0
4	6	49728.0	48408.0	48408.0	0.0	 	1320.0
4	7	27936.0	27936.0	27936.0	0.0	 	0.0
4	8	46100.0	48216.0	45495.0	0.0	 	605.0
4	9	59952.0	59952.0	59952.0	0.0	 	0.0
4	10	1596.0	1656.0	1595.0	0.0	 	1.0
5	0	65664.0	65664.0	65664.0	0.0	 	0.0
5	1	56664.0	56664.0	56664.0	0.0	 	0.0
5	2	44268.0	44268.0	44268.0	0.0	 	0.0
5	3	62700.0	62700.0	62700.0	0.0	 	0.0
5	4	57134.0	55344.0	55344.0	0.0	 	1790.0
5	6	24312.0	24312.0	24312.0	0.0	 	0.0
5	7	59652.0	59652.0	59652.0	0.0	 	0.0
5	8	43308.0	43308.0	43308.0	0.0	 	0.0
5	9	63552.0	63552.0	63552.0	0.0	 	0.0
5	10	56220.0	56220.0	56220.0	0.0	 	0.0
6	0	46392.0	46392.0	46392.0	0.0	 	0.0
6	1	60048.0	60048.0	60048.0	0.0	 	0.0
6	2	58512.0	58512.0	58512.0	0.0	 	0.0
6	3	20232.0	20232.0	20232.0	0.0	 	0.0
6	4	22512.0	20424.0	20424.0	0.0	 	2088.0
6	5	49584.0	49584.0	49584.0	0.0	 	0.0
6	7	33420.0	33420.0	33420.0	0.0	 	0.0
6	8	17702.0	16644.0	16644.0	0.0	 	1058.0
6	9	32652.0	32652.0	32652.0	0.0	 	0.0
6	10	13812.0	13812.0	13812.0	0.0	 	0.0
7	0	49104.0	49104.0	49104.0	0.0	 	0.0
7	1	53820.0	53820.0	53820.0	0.0	 	0.0
7	2	14220.0	14220.0	14220.0	0.0	 	0.0
7	3	57828.0	57828.0	57828.0	0.0	 	0.0
7	4	37640.0	41220.0	37640.0	0.0	 	0.0
7	5	66602.0	64620.0	64620.0	0.0	 	1982.0
7	6	64178.0	62388.0	62388.0	0.0	 	1790.0
7	8	63696.0	63696.0	63696.0	0.0	 	0.0
7	9	13608.0	13608.0	12659.0	0.0	 	949.0
7	10	11532.0	11532.0	11532.0	0.0	 	0.0
8	0	53088.0	53088.0	53088.0	0.0	 	0.0
8	1	8052.0	8052.0	8052.0	0.0	 	0.0
8	2	13326.0	14544.0	13325.0	0.0	 	1.0
8	3	44962.0	42816.0	42816.0	0.0	 	2146.0
8	4	17740.0	18336.0	16823.0	0.0	 	917.0
8	5	33108.0	33108.0	33108.0	0.0	 	0.0
8	6	26626.0	26328.0	26328.0	0.0	 	298.0
8	7	64704.0	64704.0	64704.0	0.0	 	0.0
8	9	57552.0	57552.0	57552.0	0.0	 	0.0
8	10	37572.0	37572.0	37572.0	0.0	 	0.0
9	0	53760.0	53568.0	53568.0	0.0	 	192.0
9	1	16554.0	15924.0	15924.0	0.0	 	630.0
9	2	14664.0	14664.0	14664.0	0.0	 	0.0
9	3	18780.0	20040.0	18777.0	0.0	 	3.0
9	4	26016.0	26016.0	26016.0	0.0	 	0.0
9	5	16488.0	16872.0	16486.0	0.0	 	2.0
9	6	61272.0	61272.0	61272.0	0.0	 	0.0
9	7	24372.0	24180.0	24006.0	0.0	 	366.0
9	8	35694.0	35064.0	35064.0	0.0	 	630.0
9	10	48120.0	48120.0	48120.0	0.0	 	0.0
10	0	10380.0	10380.0	10380.0	0.0	 	0.0
10	1	41784.0	41784.0	38625.0	0.0	 	3159.0
10	2	17856.0	17856.0	17856.0	0.0	 	0.0
10	3	60552.0	60552.0	60552.0	0.0	 	0.0
10	4	33732.0	33732.0	33732.0	0.0	 	0.0
10	5	48780.0	48780.0	48780.0	0.0	 	0.0
10	6	13224.0	13224.0	13224.0	0.0	 	0.0
10	7	60.0	60.0	60.0	0.0	 	0.0
10	8	50352.0	50352.0	49711.0	0.0	 	641.0
10	9	20328.0	20328.0	20328.0	0.0	 	0.0

l	i	j	v Observado	v Estimado
0	0	1	48928.0	48928.0
1	0	1	48928.0	48928.0
0	0	2	33408.0	33408.0
1	0	2	33408.0	33408.0
0	1	3	79382.0	79382.0
1	1	3	79382.0	79382.0
0	2	3	45054.0	45054.0
1	2	3	45054.0	45054.0
0	0	5	74892.0	74892.0
0	5	3	69326.0	69326.0
1	0	5	74892.0	74892.0
1	5	3	69326.0	69326.0
0	0	4	57034.0	57034.0
1	0	4	57034.0	57034.0
0	5	6	42718.0	42718.0
1	5	6	42718.0	42718.0
0	4	6	74734.0	74734.0
1	4	6	74734.0	74734.0
0	1	7	103496.0	103496.0
1	1	7	103496.0	103496.0
0	0	9	80055.0	80055.0
0	9	7	42568.0	42568.0
1	0	9	80055.0	80055.0
1	9	7	42568.0	42568.0
0	5	7	84004.0	84004.0
1	5	7	84004.0	84004.0
0	0	10	72174.0	72174.0
0	10	8	66511.0	66511.0
1	0	10	72174.0	72174.0
1	10	8	66511.0	66511.0
0	9	8	49509.0	49509.0
1	9	8	49509.0	49509.0
0	1	0	48924.0	48924.0
1	1	0	48924.0	48924.0
0	1	2	31618.0	31618.0
1	1	2	31618.0	31618.0
0	2	4	43334.0	43334.0
1	2	4	43334.0	43334.0
0	3	4	57568.0	57568.0
1	3	4	57568.0	57568.0
0	3	5	64576.0	64576.0
1	3	5	64576.0	64576.0
0	7	5	78237.0	78237.0
1	7	5	78237.0	78237.0
0	7	6	85179.0	85179.0
1	7	6	85179.0	85179.0
0	3	8	74927.0	74927.0
1	3	8	74927.0	74927.0
0	1	10	26957.0	26957.0
1	1	10	26957.0	26957.0
0	7	8	58552.0	58552.0
1	7	8	58552.0	58552.0
0	1	9	43167.0	43167.0
1	1	9	43167.0	43167.0
0	2	0	55899.0	55899.0
1	2	0	55899.0	55899.0
0	2	1	46547.0	46547.0
1	2	1	46547.0	46547.0
0	4	5	17926.0	17926.0
1	4	5	17926.0	17926.0
0	3	2	51516.0	51516.0
1	3	2	51516.0	51516.0
0	4	0	55510.0	55510.0
1	4	0	55510.0	55510.0
0	3	1	44459.0	44459.0
1	3	1	44459.0	44459.0
0	8	6	54896.0	54896.0
1	8	6	54896.0	54896.0
0	8	7	42934.0	42934.0
1	8	7	42934.0	42934.0
0	8	9	64552.0	64552.0
1	8	9	64552.0	64552.0
0	8	10	44718.0	44718.0
1	8	10	44718.0	44718.0
0	4	3	43100.0	43100.0
1	4	3	43100.0	43100.0
0	4	2	50970.0	50970.0
1	4	2	50970.0	50970.0
0	6	7	61881.0	61881.0
1	6	7	61881.0	61881.0
0	6	8	46035.0	46035.0
1	6	8	46035.0	46035.0
0	5	0	113434.0	113434.0
1	5	0	113434.0	113434.0
0	7	1	94574.0	94574.0
1	7	1	94574.0	94574.0
0	5	4	45355.0	45355.0
1	5	4	45355.0	45355.0
0	7	9	40961.0	40961.0
1	7	9	40961.0	40961.0
0	6	5	45280.0	45280.0
1	6	5	45280.0	45280.0
0	6	4	69327.0	69327.0
1	6	4	69327.0	69327.0
0	8	3	71940.0	71940.0
1	8	3	71940.0	71940.0
0	9	0	69132.0	69132.0
1	9	0	69132.0	69132.0
0	9	10	25982.0	25982.0
1	9	10	25982.0	25982.0
0	10	0	64182.0	64182.0
1	10	0	64182.0	64182.0
0	9	1	17980.0	17980.0
1	9	1	17980.0	17980.0
0	10	1	41846.0	41846.0
1	10	1	41846.0	41846.0
0	10	9	10174.0	10174.0
1	10	9	10174.0	10174.0
