-----------------------------------------------------
-----     Resultados    -----
-----------------------------------------------------

Parametro Deficit (alfa): 1.0
Parametro Exceso (beta):  1.0
Parametro de probabilidades (epsilon): 0.0
CPU time: 0.03
p	q	g Estimada	g Exacta	g Referencia	Deficit	Exceso
0	1	45288.0	40800.0	40800.0	0.0	 	4488.0
0	2	76384.0	71592.0	71592.0	0.0	 	4792.0
0	3	114592.00000000001	123576.0	112140.0	0.0	 	2453.0
0	4	14616.0	14616.0	14616.0	0.0	 	0.0
0	5	110452.0	110448.0	110450.0	0.0	 	2.0
0	6	125592.0	125592.0	125590.0	0.0	 	2.0
0	7	112660.0	112656.0	112660.0	0.0	 	0.0
0	8	2016.0	2016.0	2016.0	0.0	 	0.0
0	9	9028.0	9144.0	8452.0	0.0	 	576.0
0	10	26364.0	25896.0	25896.0	0.0	 	468.0
1	0	101904.0	102480.0	94697.0	-0.0	 	7207.0
1	2	7656.0	7656.0	7656.0	0.0	 	0.0
1	3	89740.00000000001	87696.0	87696.0	0.0	 	2045.0
1	4	61192.0	60480.0	56276.0	0.0	 	4916.0
1	5	14960.00000000003	16608.0	14953.0	-0.0	 	8.0
1	6	37152.0	37152.0	37152.0	0.0	 	0.0
1	7	58179.999999999985	54912.0	54912.0	0.0	 	3268.0
1	8	103752.0	103752.0	103750.0	0.0	 	2.0
1	9	96984.0	96648.0	96648.0	0.0	 	336.0
1	10	7772.0	7416.0	7005.0	-0.0	 	767.0
2	0	13320.0	13320.0	13320.0	0.0	 	0.0
2	1	85500.0	85032.0	85032.0	0.0	 	468.0
2	3	109504.0	100968.0	100970.0	0.0	 	8534.0
2	4	69668.0	69672.0	69672.0	4.0	 	0.0
2	5	94800.0	94800.0	94800.0	0.0	 	0.0
2	6	107020.0	107016.0	107020.0	0.0	 	0.0
2	7	72012.00000000001	76056.0	72009.0	-0.0	 	4.0
2	8	106416.0	106416.0	106420.0	4.0	 	0.0
2	9	13752.0	13752.0	13752.0	0.0	 	0.0
2	10	62160.0	63096.0	61275.0	-0.0	 	885.0
3	0	79967.99999999999	78816.0	78816.0	0.0	 	1152.0
3	1	29144.0	28560.0	28560.0	0.0	 	584.0
3	2	117480.00000000001	118056.0	117480.0	0.0	 	1.0
3	4	97368.0	97368.0	97368.0	0.0	 	0.0
3	5	45004.0	44184.0	44184.0	0.0	 	820.0
3	6	4344.0	4344.0	4344.0	0.0	 	0.0
3	7	7856.0	7080.0	7080.0	0.0	 	776.0
3	8	106680.0	106680.0	106680.0	0.0	 	0.0
3	9	123648.0	123648.0	123650.0	2.0	 	0.0
3	10	101352.0	101352.0	101350.0	0.0	 	2.0
4	0	103728.0	104064.0	102400.0	0.0	 	1328.0
4	1	114040.0	113928.0	113930.0	0.0	 	110.0
4	2	23520.0	23112.0	23112.0	0.0	 	408.0
4	3	109800.0	109800.0	109800.0	0.0	 	0.0
4	5	115447.99999999999	114624.0	114620.0	0.0	 	828.0
4	6	104300.0	104304.0	104300.0	0.0	 	0.0
4	7	97704.0	97704.0	97704.0	0.0	 	0.0
4	8	66648.0	66648.0	66648.0	0.0	 	0.0
4	9	23088.0	23088.0	23088.0	0.0	 	0.0
4	10	68976.0	68976.0	68976.0	0.0	 	0.0
5	0	122140.0	122136.0	122140.0	0.0	 	0.0
5	1	67704.0	67704.0	67704.0	0.0	 	0.0
5	2	111696.00000000001	111696.0	111700.0	4.0	 	0.0
5	3	11304.0	11304.0	11304.0	0.0	 	0.0
5	4	127556.0	127560.0	127560.0	4.0	 	0.0
5	6	122760.0	122760.0	122760.0	0.0	 	0.0
5	7	26040.0	26040.0	26040.0	0.0	 	0.0
5	8	125159.99999999997	125160.0	125160.0	0.0	 	0.0
5	9	84192.0	84192.0	84192.0	0.0	 	0.0
5	10	37944.0	37944.0	37944.0	0.0	 	0.0
6	0	102000.0	102000.0	102000.0	0.0	 	0.0
6	1	2064.0	2064.0	2064.0	0.0	 	0.0
6	2	93072.0	93072.0	93072.0	0.0	 	0.0
6	3	21000.0	21000.0	21000.0	0.0	 	0.0
6	4	57024.0	57024.0	57024.0	0.0	 	0.0
6	5	83928.0	83928.0	83928.0	0.0	 	0.0
6	7	31968.0	31968.0	31968.0	0.0	 	0.0
6	8	100416.0	100416.0	100420.0	4.0	 	0.0
6	9	73296.0	73296.0	73296.0	0.0	 	0.0
6	10	64080.0	64080.0	64080.0	0.0	 	0.0
7	0	62496.0	62496.0	62496.0	0.0	 	0.0
7	1	30232.000000000015	31392.0	30229.0	-0.0	 	4.0
7	2	18311.999999999985	18312.0	18312.0	0.0	 	0.0
7	3	78416.0	77256.0	77256.0	0.0	 	1160.0
7	4	69288.0	69288.0	69288.0	0.0	 	0.0
7	5	113975.99999999994	112848.0	102920.0	0.0	 	11056.0
7	6	52728.0	52728.0	49778.0	0.0	 	2950.0
7	8	78312.0	78312.0	78312.0	0.0	 	0.0
7	9	100368.0	100368.0	100370.0	2.0	 	0.0
7	10	3696.0	3696.0	3696.0	0.0	 	0.0
8	0	68856.0	68856.0	68856.0	0.0	 	0.0
8	1	37632.0	37632.0	37632.0	0.0	 	0.0
8	2	75072.0	75072.0	75072.0	0.0	 	0.0
8	3	91152.0	91152.0	91152.0	0.0	 	0.0
8	4	88512.0	88512.0	88512.0	0.0	 	0.0
8	5	67344.0	67344.0	67344.0	0.0	 	0.0
8	6	48552.0	48552.0	48552.0	0.0	 	0.0
8	7	13992.0	13992.0	13992.0	0.0	 	0.0
8	9	108624.0	108624.0	108620.0	0.0	 	4.0
8	10	84744.0	84744.0	84744.0	0.0	 	0.0
9	0	27076.0	26664.0	26664.0	0.0	 	412.0
9	1	112392.0	112392.0	112390.0	0.0	 	2.0
9	2	6312.0	6912.0	6307.0	-0.0	 	5.0
9	3	129120.0	129120.0	129120.0	0.0	 	0.0
9	4	51636.0	51336.0	51336.0	0.0	 	300.0
9	5	28032.0	28032.0	28032.0	0.0	 	0.0
9	6	3456.0	3456.0	3456.0	0.0	 	0.0
9	7	109987.99999999994	108864.0	108860.0	0.0	 	1128.0
9	8	33096.0	33096.0	33096.0	0.0	 	0.0
9	10	109248.0	109248.0	109250.0	2.0	 	0.0
10	0	42744.0	42744.0	42744.0	0.0	 	0.0
10	1	44880.0	44880.0	43587.0	-0.0	 	1293.0
10	2	83088.0	83088.0	83088.0	0.0	 	0.0
10	3	29544.0	29544.0	29544.0	0.0	 	0.0
10	4	59664.0	59664.0	59664.0	0.0	 	0.0
10	5	13200.000000000044	14328.0	13198.0	0.0	 	3.0
10	6	106392.0	106392.0	106390.0	0.0	 	2.0
10	7	128712.0	128712.0	128710.0	0.0	 	2.0
10	8	89784.0	89784.0	89784.0	0.0	 	0.0
10	9	100856.0	99840.0	93314.0	0.0	 	7542.0

l	i	j	v Observado	v Estimado
0	0	1	63843.0	63843.0
1	0	1	63843.0	63843.0
2	0	1	63843.0	63843.0
3	0	1	63843.0	63843.0
0	0	2	45813.0	45813.0
1	0	2	45813.0	45813.0
2	0	2	45813.0	45813.0
3	0	2	45813.0	45813.0
0	1	3	93126.0	93126.0
1	1	3	93126.0	93126.0
2	1	3	93126.0	93126.0
3	1	3	93126.0	93126.0
0	2	3	84855.0	84855.0
1	2	3	84855.0	84855.0
2	2	3	84855.0	84855.0
3	2	3	84855.0	84855.0
0	1	4	49374.0	49374.0
1	1	4	49374.0	49374.0
2	1	4	49374.0	49374.0
3	1	4	49374.0	49374.0
0	2	4	72261.0	72261.0
1	2	4	72261.0	72261.0
2	2	4	72261.0	72261.0
3	2	4	72261.0	72261.0
0	0	9	73091.0	73091.0
0	9	4	42350.0	42350.0
1	0	9	73091.0	73091.0
1	9	4	42350.0	42350.0
2	0	9	73091.0	73091.0
2	9	4	42350.0	42350.0
3	0	9	73091.0	73091.0
3	9	4	42350.0	42350.0
0	3	5	52946.0	52946.0
1	3	5	52946.0	52946.0
2	3	5	52946.0	52946.0
3	3	5	52946.0	52946.0
0	9	6	47897.0	47897.0
1	9	6	47897.0	47897.0
2	9	6	47897.0	47897.0
3	9	6	47897.0	47897.0
0	9	7	88147.0	88147.0
1	9	7	88147.0	88147.0
2	9	7	88147.0	88147.0
3	9	7	88147.0	88147.0
0	0	10	14613.0	14613.0
0	10	8	69397.0	69397.0
1	0	10	14613.0	14613.0
1	10	8	69397.0	69397.0
2	0	10	14613.0	14613.0
2	10	8	69397.0	69397.0
3	0	10	14613.0	14613.0
3	10	8	69397.0	69397.0
0	9	8	19286.0	19286.0
1	9	8	19286.0	19286.0
2	9	8	19286.0	19286.0
3	9	8	19286.0	19286.0
0	1	0	52198.0	52198.0
1	1	0	52198.0	52198.0
2	1	0	52198.0	52198.0
3	1	0	52198.0	52198.0
0	1	2	12300.0	12300.0
1	1	2	12300.0	12300.0
2	1	2	12300.0	12300.0
3	1	2	12300.0	12300.0
0	4	5	58672.0	58672.0
1	4	5	58672.0	58672.0
2	4	5	58672.0	58672.0
3	4	5	58672.0	58672.0
0	4	6	70622.0	70622.0
1	4	6	70622.0	70622.0
2	4	6	70622.0	70622.0
3	4	6	70622.0	70622.0
0	3	7	53320.0	53320.0
1	3	7	53320.0	53320.0
2	3	7	53320.0	53320.0
3	3	7	53320.0	53320.0
0	3	8	82021.0	82021.0
1	3	8	82021.0	82021.0
2	3	8	82021.0	82021.0
3	3	8	82021.0	82021.0
0	1	10	54344.0	54344.0
1	1	10	54344.0	54344.0
2	1	10	54344.0	54344.0
3	1	10	54344.0	54344.0
0	4	8	54788.0	54788.0
1	4	8	54788.0	54788.0
2	4	8	54788.0	54788.0
3	4	8	54788.0	54788.0
0	10	9	70956.0	70956.0
1	10	9	70956.0	70956.0
2	10	9	70956.0	70956.0
3	10	9	70956.0	70956.0
0	4	9	47285.0	47285.0
1	4	9	47285.0	47285.0
2	4	9	47285.0	47285.0
3	4	9	47285.0	47285.0
0	2	0	61994.0	61994.0
1	2	0	61994.0	61994.0
2	2	0	61994.0	61994.0
3	2	0	61994.0	61994.0
0	2	1	29145.0	29145.0
1	2	1	29145.0	29145.0
2	2	1	29145.0	29145.0
3	2	1	29145.0	29145.0
0	3	2	67290.0	67290.0
1	3	2	67290.0	67290.0
2	3	2	67290.0	67290.0
3	3	2	67290.0	67290.0
0	3	1	49108.0	49108.0
1	3	1	49108.0	49108.0
2	3	1	49108.0	49108.0
3	3	1	49108.0	49108.0
0	3	4	35008.0	35008.0
1	3	4	35008.0	35008.0
2	3	4	35008.0	35008.0
3	3	4	35008.0	35008.0
0	5	6	48498.0	48498.0
1	5	6	48498.0	48498.0
2	5	6	48498.0	48498.0
3	5	6	48498.0	48498.0
0	7	6	19318.0	19318.0
1	7	6	19318.0	19318.0
2	7	6	19318.0	19318.0
3	7	6	19318.0	19318.0
0	7	9	58498.0	58498.0
1	7	9	58498.0	58498.0
2	7	9	58498.0	58498.0
3	7	9	58498.0	58498.0
0	8	9	46067.0	46067.0
1	8	9	46067.0	46067.0
2	8	9	46067.0	46067.0
3	8	9	46067.0	46067.0
0	8	10	59818.0	59818.0
1	8	10	59818.0	59818.0
2	8	10	59818.0	59818.0
3	8	10	59818.0	59818.0
0	4	2	92462.0	92462.0
1	4	2	92462.0	92462.0
2	4	2	92462.0	92462.0
3	4	2	92462.0	92462.0
0	4	1	73869.0	73869.0
1	4	1	73869.0	73869.0
2	4	1	73869.0	73869.0
3	4	1	73869.0	73869.0
0	9	0	75299.0	75299.0
1	9	0	75299.0	75299.0
2	9	0	75299.0	75299.0
3	9	0	75299.0	75299.0
0	4	3	48102.0	48102.0
1	4	3	48102.0	48102.0
2	4	3	48102.0	48102.0
3	4	3	48102.0	48102.0
0	5	7	21668.0	21668.0
1	5	7	21668.0	21668.0
2	5	7	21668.0	21668.0
3	5	7	21668.0	21668.0
0	6	7	17884.0	17884.0
1	6	7	17884.0	17884.0
2	6	7	17884.0	17884.0
3	6	7	17884.0	17884.0
0	9	10	50898.0	50898.0
1	9	10	50898.0	50898.0
2	9	10	50898.0	50898.0
3	9	10	50898.0	50898.0
0	5	4	117555.0	117555.0
1	5	4	117555.0	117555.0
2	5	4	117555.0	117555.0
3	5	4	117555.0	117555.0
0	5	3	37431.0	37431.0
1	5	3	37431.0	37431.0
2	5	3	37431.0	37431.0
3	5	3	37431.0	37431.0
0	6	8	43544.0	43544.0
1	6	8	43544.0	43544.0
2	6	8	43544.0	43544.0
3	6	8	43544.0	43544.0
0	6	9	58850.0	58850.0
1	6	9	58850.0	58850.0
2	6	9	58850.0	58850.0
3	6	9	58850.0	58850.0
0	6	4	45564.0	45564.0
1	6	4	45564.0	45564.0
2	6	4	45564.0	45564.0
3	6	4	45564.0	45564.0
0	6	5	30680.0	30680.0
1	6	5	30680.0	30680.0
2	6	5	30680.0	30680.0
3	6	5	30680.0	30680.0
0	7	3	44250.0	44250.0
1	7	3	44250.0	44250.0
2	7	3	44250.0	44250.0
3	7	3	44250.0	44250.0
0	7	8	25814.0	25814.0
0	8	4	51006.0	51006.0
1	7	8	25814.0	25814.0
1	8	4	51006.0	51006.0
2	7	8	25814.0	25814.0
2	8	4	51006.0	51006.0
3	7	8	25814.0	25814.0
3	8	4	51006.0	51006.0
0	7	5	45516.0	45516.0
1	7	5	45516.0	45516.0
2	7	5	45516.0	45516.0
3	7	5	45516.0	45516.0
0	10	0	29679.0	29679.0
1	10	0	29679.0	29679.0
2	10	0	29679.0	29679.0
3	10	0	29679.0	29679.0
0	10	1	42773.0	42773.0
1	10	1	42773.0	42773.0
2	10	1	42773.0	42773.0
3	10	1	42773.0	42773.0
0	8	3	49761.0	49761.0
1	8	3	49761.0	49761.0
2	8	3	49761.0	49761.0
3	8	3	49761.0	49761.0
0	8	7	25199.0	25199.0
1	8	7	25199.0	25199.0
2	8	7	25199.0	25199.0
3	8	7	25199.0	25199.0
0	8	6	31049.0	31049.0
1	8	6	31049.0	31049.0
2	8	6	31049.0	31049.0
3	8	6	31049.0	31049.0
