-----------------------------------------------------
-----     Resultados    -----
-----------------------------------------------------

Parametro Deficit (alfa): 1.0
Parametro Exceso (beta):  1.0
Parametro de probabilidades (epsilon): 0.0
CPU time: 0.031
p	q	g Estimada	g Exacta	g Referencia	Deficit	Exceso
0	1	42240.00000000001	42240.0	40322.0	0.0	 	1919.0
0	2	44464.0	40608.0	40059.0	-0.0	 	4405.0
0	3	80736.0	80736.0	80736.0	0.0	 	0.0
0	4	179944.0	179952.0	179950.0	6.0	 	0.0
0	5	90960.0	90960.0	90960.0	0.0	 	0.0
0	6	195408.0	195408.0	195410.0	2.0	 	0.0
0	7	28128.0	28128.0	28128.0	0.0	 	0.0
0	8	135312.0	135312.0	135310.0	0.0	 	2.0
0	9	2400.0	2400.0	2400.0	0.0	 	0.0
0	10	123984.0	123984.0	123980.0	0.0	 	4.0
0	11	105936.0	105936.0	105940.0	4.0	 	0.0
1	0	235296.0	235296.0	235300.0	4.0	 	0.0
1	2	26628.0	24864.0	24864.0	0.0	 	1764.0
1	3	277632.0	277632.0	273770.0	0.0	 	3862.0
1	4	225936.0	225936.0	225940.0	4.0	 	0.0
1	5	94560.0	94560.0	94560.0	0.0	 	0.0
1	6	92591.99999999997	92592.0	92592.0	0.0	 	0.0
1	7	260588.00000000003	260592.0	260590.0	2.0	 	0.0
1	8	215808.0	215808.0	215810.0	2.0	 	0.0
1	9	276480.0	276480.0	276480.0	0.0	 	0.0
1	10	35328.0	35328.0	35328.0	0.0	 	0.0
1	11	46656.0	46656.0	46656.0	0.0	 	0.0
2	0	278060.0	278064.0	278060.0	0.0	 	0.0
2	1	158404.0	158400.0	158400.0	0.0	 	4.0
2	3	124272.0	124272.0	124270.0	0.0	 	2.0
2	4	207120.0	207120.0	207120.0	0.0	 	0.0
2	5	143116.0	139056.0	139060.0	0.0	 	4056.0
2	6	267408.0	267408.0	267410.0	2.0	 	0.0
2	7	41204.0	45264.0	41203.0	-0.0	 	1.0
2	8	172660.0	172656.0	172660.0	0.0	 	0.0
2	9	246140.0	246144.0	246140.0	0.0	 	0.0
2	10	202416.0	202416.0	202420.0	4.0	 	0.0
2	11	114336.00000000001	114336.0	114340.0	4.0	 	0.0
3	0	29520.0	29520.0	29520.0	0.0	 	0.0
3	1	234288.0	234288.0	212300.0	0.0	 	21988.0
3	2	147312.0	147312.0	147310.0	0.0	 	2.0
3	4	46896.0	46896.0	46896.0	0.0	 	0.0
3	5	60212.0	62688.0	60211.0	-0.0	 	1.0
3	6	130224.0	130224.0	130220.0	0.0	 	4.0
3	7	107980.0	105504.0	105500.0	0.0	 	2480.0
3	8	44160.0	44160.0	44160.0	0.0	 	0.0
3	9	218832.0	218832.0	218830.0	0.0	 	2.0
3	10	92592.0	92592.0	92592.0	0.0	 	0.0
3	11	195312.0	195312.0	195310.0	0.0	 	2.0
4	0	277256.0	277248.0	277250.0	0.0	 	6.0
4	1	168911.99999999997	168912.0	168910.0	0.0	 	2.0
4	2	286272.0	286272.0	286270.0	0.0	 	2.0
4	3	92908.0	90096.0	90096.0	0.0	 	2812.0
4	5	45072.0	45072.0	45072.0	0.0	 	0.0
4	6	208656.0	208656.0	208660.0	4.0	 	0.0
4	7	41040.0	41040.0	41040.0	0.0	 	0.0
4	8	183160.0	170016.0	170020.0	0.0	 	13140.0
4	9	248260.0	261408.0	248260.0	0.0	 	0.0
4	10	24240.0	24240.0	24240.0	0.0	 	0.0
4	11	135072.0	135072.0	135070.0	0.0	 	2.0
5	0	213696.0	213696.0	213700.0	4.0	 	0.0
5	1	84192.0	84768.0	83772.0	0.0	 	420.0
5	2	204284.0	203712.0	195470.0	0.0	 	8814.0
5	3	260160.0	260160.0	260160.0	0.0	 	0.0
5	4	93792.0	93792.0	93792.0	0.0	 	0.0
5	6	92832.00000000003	92832.0	92832.0	0.0	 	1.0
5	7	75459.99999999997	73872.0	73872.0	0.0	 	1588.0
5	8	147024.0	147024.0	134070.0	0.0	 	12954.0
5	9	172800.0	172800.0	172800.0	0.0	 	0.0
5	10	95376.0	95376.0	95376.0	0.0	 	0.0
5	11	216580.0	216576.0	204890.0	0.0	 	11690.0
6	0	215900.0	215904.0	215900.0	0.0	 	0.0
6	1	101856.0	101280.0	101280.0	0.0	 	576.0
6	2	27512.000000000004	28656.0	27505.0	-0.0	 	8.0
6	3	193256.0	193248.0	193250.0	0.0	 	6.0
6	4	75688.00000000001	75120.0	73005.0	-0.0	 	2684.0
6	5	125180.0	125184.0	125180.0	0.0	 	0.0
6	7	53808.0	53808.0	53808.0	0.0	 	0.0
6	8	178080.0	178080.0	178080.0	0.0	 	0.0
6	9	138528.0	138528.0	138530.0	2.0	 	0.0
6	10	61776.0	61776.0	61776.0	0.0	 	0.0
6	11	101712.0	101712.0	101710.0	0.0	 	2.0
7	0	250420.0	250416.0	250420.0	0.0	 	0.0
7	1	221760.0	221760.0	221760.0	0.0	 	0.0
7	2	25968.0	25968.0	25968.0	0.0	 	0.0
7	3	85152.0	85152.0	85152.0	0.0	 	0.0
7	4	147984.0	147984.0	147980.0	0.0	 	4.0
7	5	111412.0	111408.0	111410.0	0.0	 	2.0
7	6	73968.0	73968.0	73968.0	0.0	 	0.0
7	8	148500.0	141648.0	141650.0	0.0	 	6850.0
7	9	79336.0	72480.0	72480.0	0.0	 	6856.0
7	10	238336.0	252048.0	238330.0	0.0	 	6.0
7	11	7680.0	7680.0	7680.0	0.0	 	0.0
8	0	213840.0	213840.0	213840.0	0.0	 	0.0
8	1	258140.0	258144.0	258140.0	0.0	 	0.0
8	2	211648.0	208992.0	208990.0	0.0	 	2658.0
8	3	281640.0	287280.0	281640.0	0.0	 	0.0
8	4	207308.0	205056.0	205060.0	0.0	 	2248.0
8	5	231552.0	231552.0	231550.0	0.0	 	2.0
8	6	252100.0	252096.0	252100.0	0.0	 	0.0
8	7	265444.0	265440.0	265440.0	0.0	 	4.0
8	9	263228.0	250080.0	250080.0	0.0	 	13148.0
8	10	275688.0	266016.0	266020.0	0.0	 	9668.0
8	11	77424.0	77424.0	77424.0	0.0	 	0.0
9	0	160384.0	167808.0	160380.0	0.0	 	4.0
9	1	84988.0	83232.0	83232.0	0.0	 	1756.0
9	2	102384.0	106560.0	101190.0	0.0	 	1194.0
9	3	82032.0	82032.0	82032.0	0.0	 	0.0
9	4	164060.0	164064.0	164060.0	0.0	 	0.0
9	5	179040.0	179040.0	179040.0	0.0	 	0.0
9	6	191808.0	191808.0	191810.0	2.0	 	0.0
9	7	45264.0	45264.0	45264.0	0.0	 	0.0
9	8	229944.0	227856.0	227860.0	0.0	 	2084.0
9	10	153392.0	140736.0	140740.0	0.0	 	12652.0
9	11	75636.0	73680.0	73680.0	0.0	 	1956.0
10	0	183252.0	177456.0	177460.0	0.0	 	5792.0
10	1	201648.0	201648.0	201650.0	2.0	 	0.0
10	2	164832.0	164832.0	164830.0	0.0	 	2.0
10	3	59212.0	56400.0	56400.0	0.0	 	2812.0
10	4	107384.00000000001	107376.0	107380.0	0.0	 	5.0
10	5	480.0	480.0	480.0	0.0	 	0.0
10	6	176736.0	176736.0	165070.0	0.0	 	11666.0
10	7	166176.0	166176.0	166180.0	4.0	 	0.0
10	8	168140.0	168144.0	168140.0	0.0	 	0.0
10	9	185808.0	185808.0	185810.0	2.0	 	0.0
10	11	32208.0	32208.0	32208.0	0.0	 	0.0
11	0	126336.0	120864.0	120860.0	0.0	 	5476.0
11	1	154852.0	154848.0	154850.0	0.0	 	2.0
11	2	79080.0	82608.0	79073.0	-0.0	 	7.0
11	3	230744.0	230736.0	230740.0	0.0	 	4.0
11	4	166032.00000000006	166032.0	166030.0	0.0	 	3.0
11	5	135220.0	135216.0	135220.0	0.0	 	0.0
11	6	208940.0	208944.0	208940.0	0.0	 	0.0
11	7	88128.0	88128.0	88128.0	0.0	 	0.0
11	8	202616.0	202608.0	202610.0	0.0	 	6.0
11	9	91968.0	91968.0	91968.0	0.0	 	0.0
11	10	264331.99999999994	264336.0	261590.0	0.0	 	2742.0

l	i	j	v Observado	v Estimado
0	0	1	103020.0	103020.0
1	0	1	103020.0	103020.0
2	0	1	103020.0	103020.0
3	0	1	103020.0	103020.0
0	0	2	88266.0	88266.0
1	0	2	88266.0	88266.0
2	0	2	88266.0	88266.0
3	0	2	88266.0	88266.0
0	0	3	71520.0	71520.0
1	0	3	71520.0	71520.0
2	0	3	71520.0	71520.0
3	0	3	71520.0	71520.0
0	2	4	179106.0	179106.0
1	2	4	179106.0	179106.0
2	2	4	179106.0	179106.0
3	2	4	179106.0	179106.0
0	3	4	97680.0	97680.0
1	3	4	97680.0	97680.0
2	3	4	97680.0	97680.0
3	3	4	97680.0	97680.0
0	1	5	212994.0	212994.0
1	1	5	212994.0	212994.0
2	1	5	212994.0	212994.0
3	1	5	212994.0	212994.0
0	2	5	90876.0	90876.0
1	2	5	90876.0	90876.0
2	2	5	90876.0	90876.0
3	2	5	90876.0	90876.0
0	5	6	163290.0	163290.0
1	5	6	163290.0	163290.0
2	5	6	163290.0	163290.0
3	5	6	163290.0	163290.0
0	5	7	176670.0	176670.0
1	5	7	176670.0	176670.0
2	5	7	176670.0	176670.0
3	5	7	176670.0	176670.0
0	0	10	148794.0	148794.0
0	10	8	332784.0	332784.0
1	0	10	148794.0	148794.0
1	10	8	332784.0	332784.0
2	0	10	148794.0	148794.0
2	10	8	332784.0	332784.0
3	0	10	148794.0	148794.0
3	10	8	332784.0	332784.0
0	0	11	65490.0	65490.0
0	11	9	201306.0	201306.0
1	0	11	65490.0	65490.0
1	11	9	201306.0	201306.0
2	0	11	65490.0	65490.0
2	11	9	201306.0	201306.0
3	0	11	65490.0	65490.0
3	11	9	201306.0	201306.0
0	10	9	122232.0	122232.0
1	10	9	122232.0	122232.0
2	10	9	122232.0	122232.0
3	10	9	122232.0	122232.0
0	1	0	143904.0	143904.0
1	1	0	143904.0	143904.0
2	1	0	143904.0	143904.0
3	1	0	143904.0	143904.0
0	1	2	44784.0	44784.0
1	1	2	44784.0	44784.0
2	1	2	44784.0	44784.0
3	1	2	44784.0	44784.0
0	1	3	102066.0	102066.0
1	1	3	102066.0	102066.0
2	1	3	102066.0	102066.0
3	1	3	102066.0	102066.0
0	1	11	281652.0	281652.0
1	1	11	281652.0	281652.0
2	1	11	281652.0	281652.0
3	1	11	281652.0	281652.0
0	3	10	139968.0	139968.0
1	3	10	139968.0	139968.0
2	3	10	139968.0	139968.0
3	3	10	139968.0	139968.0
0	2	0	143766.0	143766.0
1	2	0	143766.0	143766.0
2	2	0	143766.0	143766.0
3	2	0	143766.0	143766.0
0	2	1	115428.0	115428.0
1	2	1	115428.0	115428.0
2	2	1	115428.0	115428.0
3	2	1	115428.0	115428.0
0	2	3	56370.0	56370.0
1	2	3	56370.0	56370.0
2	2	3	56370.0	56370.0
3	2	3	56370.0	56370.0
0	4	6	106998.0	106998.0
1	4	6	106998.0	106998.0
2	4	6	106998.0	106998.0
3	4	6	106998.0	106998.0
0	4	8	177948.0	177948.0
1	4	8	177948.0	177948.0
2	4	8	177948.0	177948.0
3	4	8	177948.0	177948.0
0	3	0	147138.0	147138.0
1	3	0	147138.0	147138.0
2	3	0	147138.0	147138.0
3	3	0	147138.0	147138.0
0	3	1	137868.0	137868.0
1	3	1	137868.0	137868.0
2	3	1	137868.0	137868.0
3	3	1	137868.0	137868.0
0	3	2	57432.0	57432.0
1	3	2	57432.0	57432.0
2	3	2	57432.0	57432.0
3	3	2	57432.0	57432.0
0	3	5	58446.0	58446.0
1	3	5	58446.0	58446.0
2	3	5	58446.0	58446.0
3	3	5	58446.0	58446.0
0	4	3	175158.0	175158.0
1	4	3	175158.0	175158.0
2	4	3	175158.0	175158.0
3	4	3	175158.0	175158.0
0	4	2	175374.0	175374.0
1	4	2	175374.0	175374.0
2	4	2	175374.0	175374.0
3	4	2	175374.0	175374.0
0	4	5	37512.0	37512.0
0	5	1	281172.0	281172.0
1	4	5	37512.0	37512.0
1	5	1	281172.0	281172.0
2	4	5	37512.0	37512.0
2	5	1	281172.0	281172.0
3	4	5	37512.0	37512.0
3	5	1	281172.0	281172.0
0	6	7	48612.0	48612.0
1	6	7	48612.0	48612.0
2	6	7	48612.0	48612.0
3	6	7	48612.0	48612.0
0	8	9	154866.0	154866.0
1	8	9	154866.0	154866.0
2	8	9	154866.0	154866.0
3	8	9	154866.0	154866.0
0	8	10	278136.0	278136.0
1	8	10	278136.0	278136.0
2	8	10	278136.0	278136.0
3	8	10	278136.0	278136.0
0	5	3	215016.0	215016.0
1	5	3	215016.0	215016.0
2	5	3	215016.0	215016.0
3	5	3	215016.0	215016.0
0	5	2	61002.0	61002.0
1	5	2	61002.0	61002.0
2	5	2	61002.0	61002.0
3	5	2	61002.0	61002.0
0	5	4	41826.0	41826.0
1	5	4	41826.0	41826.0
2	5	4	41826.0	41826.0
3	5	4	41826.0	41826.0
0	6	8	95658.0	95658.0
1	6	8	95658.0	95658.0
2	6	8	95658.0	95658.0
3	6	8	95658.0	95658.0
0	7	9	124776.0	124776.0
1	7	9	124776.0	124776.0
2	7	9	124776.0	124776.0
3	7	9	124776.0	124776.0
0	6	5	179988.0	179988.0
1	6	5	179988.0	179988.0
2	6	5	179988.0	179988.0
3	6	5	179988.0	179988.0
0	6	4	65016.0	65016.0
1	6	4	65016.0	65016.0
2	6	4	65016.0	65016.0
3	6	4	65016.0	65016.0
0	9	11	84516.0	84516.0
1	9	11	84516.0	84516.0
2	9	11	84516.0	84516.0
3	9	11	84516.0	84516.0
0	7	8	148020.0	148020.0
0	10	0	240534.0	240534.0
1	7	8	148020.0	148020.0
1	10	0	240534.0	240534.0
2	7	8	148020.0	148020.0
2	10	0	240534.0	240534.0
3	7	8	148020.0	148020.0
3	10	0	240534.0	240534.0
0	7	5	249312.0	249312.0
1	7	5	249312.0	249312.0
2	7	5	249312.0	249312.0
3	7	5	249312.0	249312.0
0	7	6	60966.0	60966.0
1	7	6	60966.0	60966.0
2	7	6	60966.0	60966.0
3	7	6	60966.0	60966.0
0	8	4	267186.0	267186.0
1	8	4	267186.0	267186.0
2	8	4	267186.0	267186.0
3	8	4	267186.0	267186.0
0	9	10	121494.0	121494.0
1	9	10	121494.0	121494.0
2	9	10	121494.0	121494.0
3	9	10	121494.0	121494.0
0	8	7	180612.0	180612.0
1	8	7	180612.0	180612.0
2	8	7	180612.0	180612.0
3	8	7	180612.0	180612.0
0	10	3	133506.0	133506.0
1	10	3	133506.0	133506.0
2	10	3	133506.0	133506.0
3	10	3	133506.0	133506.0
0	8	6	212364.0	212364.0
1	8	6	212364.0	212364.0
2	8	6	212364.0	212364.0
3	8	6	212364.0	212364.0
0	10	11	42936.0	42936.0
1	10	11	42936.0	42936.0
2	10	11	42936.0	42936.0
3	10	11	42936.0	42936.0
0	11	0	90360.0	90360.0
1	11	0	90360.0	90360.0
2	11	0	90360.0	90360.0
3	11	0	90360.0	90360.0
0	11	1	128856.0	128856.0
1	11	1	128856.0	128856.0
2	11	1	128856.0	128856.0
3	11	1	128856.0	128856.0
0	9	8	160602.0	160602.0
1	9	8	160602.0	160602.0
2	9	8	160602.0	160602.0
3	9	8	160602.0	160602.0
0	9	7	122856.0	122856.0
1	9	7	122856.0	122856.0
2	9	7	122856.0	122856.0
3	9	7	122856.0	122856.0
0	11	10	213996.0	213996.0
1	11	10	213996.0	213996.0
2	11	10	213996.0	213996.0
3	11	10	213996.0	213996.0
