-----------------------------------------------------
-----     Resultados    -----
-----------------------------------------------------

Parametro Deficit (alfa): 1.0
Parametro Exceso (beta):  1.0
Parametro de probabilidades (epsilon): 0.0
CPU time: 0.039
p	q	g Estimada	g Exacta	g Referencia	Deficit	Exceso
0	1	56048.0	50496.0	50496.0	0.0	 	5552.0
0	2	165160.0	168192.0	158310.0	0.0	 	6850.0
0	3	61920.0	61920.0	61920.0	0.0	 	0.0
0	4	287720.0	281664.0	281660.0	0.0	 	6060.0
0	5	230448.0	230448.0	230450.0	2.0	 	0.0
0	6	260588.0	269616.0	250210.0	0.0	 	10378.0
0	7	190659.99999999997	190656.0	190660.0	0.0	 	0.0
0	8	11248.0	10800.0	10134.0	0.0	 	1114.0
0	9	299280.0	299280.0	299280.0	0.0	 	0.0
0	10	290832.0	290832.0	290830.0	0.0	 	2.0
0	11	278352.0	278352.0	273580.0	0.0	 	4772.0
0	12	153888.0	153888.0	153890.0	2.0	 	0.0
1	0	119056.00000000001	119184.0	118440.0	0.0	 	617.0
1	2	256660.0	256656.0	256660.0	0.0	 	0.0
1	3	201600.0	201600.0	201600.0	0.0	 	0.0
1	4	212068.00000000003	205968.0	205970.0	0.0	 	6099.0
1	5	178696.0	178704.0	178700.0	4.0	 	0.0
1	6	305952.0	305952.0	305950.0	0.0	 	2.0
1	7	90816.0	90816.0	90816.0	0.0	 	0.0
1	8	104540.0	104544.0	104540.0	0.0	 	0.0
1	9	65980.0	66528.0	63178.0	0.0	 	2802.0
1	10	303176.0	303168.0	303170.0	0.0	 	6.0
1	11	172944.0	172944.0	172940.0	0.0	 	4.0
1	12	230112.0	230112.0	230110.0	0.0	 	2.0
2	0	17280.0	17280.0	17280.0	0.0	 	0.0
2	1	205488.0	205488.0	205490.0	2.0	 	0.0
2	3	59279.999999999985	59280.0	56192.0	0.0	 	3088.0
2	4	56720.00000000003	62784.0	56718.0	0.0	 	3.0
2	5	202900.0	202896.0	202900.0	0.0	 	0.0
2	6	63984.0	63984.0	63984.0	0.0	 	0.0
2	7	122260.0	122256.0	122260.0	0.0	 	0.0
2	8	31584.0	31584.0	31584.0	0.0	 	0.0
2	9	15696.0	15696.0	15696.0	0.0	 	0.0
2	10	47244.0	44208.0	44208.0	0.0	 	3036.0
2	11	50352.0	50352.0	50352.0	0.0	 	0.0
2	12	200544.0	200544.0	200540.0	0.0	 	4.0
3	0	174824.0	174816.0	174820.0	0.0	 	4.0
3	1	11083.999999999984	11088.0	10591.0	-0.0	 	493.0
3	2	236832.0	236832.0	236830.0	0.0	 	2.0
3	4	207648.0	207648.0	207650.0	2.0	 	0.0
3	5	194692.0	194688.0	194690.0	0.0	 	2.0
3	6	193728.0	193728.0	193730.0	2.0	 	0.0
3	7	261360.0	261360.0	261360.0	0.0	 	0.0
3	8	157247.99999999997	157248.0	157250.0	2.0	 	0.0
3	9	84668.0	84672.0	84672.0	4.0	 	0.0
3	10	182256.0	182256.0	182260.0	4.0	 	0.0
3	11	30816.0	30816.0	30816.0	0.0	 	0.0
3	12	307872.0	307872.0	307870.0	0.0	 	2.0
4	0	192672.0	192672.0	192670.0	0.0	 	2.0
4	1	175912.00000000003	175776.0	175780.0	0.0	 	133.0
4	2	131327.99999999997	131328.0	131330.0	2.0	 	0.0
4	3	202140.0	208512.0	187750.0	0.0	 	14390.0
4	5	183259.99999999997	183264.0	183260.0	0.0	 	0.0
4	6	131524.0	122496.0	122500.0	0.0	 	9024.0
4	7	226936.00000000006	226944.0	226940.0	4.0	 	0.0
4	8	102864.00000000001	102864.0	102860.0	0.0	 	5.0
4	9	270431.99999999994	270432.0	270430.0	0.0	 	2.0
4	10	252792.0	255840.0	252790.0	0.0	 	2.0
4	11	189172.00000000006	189168.0	189170.0	0.0	 	3.0
4	12	1632.0	1632.0	1632.0	0.0	 	0.0
5	0	48816.0	48816.0	48816.0	0.0	 	0.0
5	1	98016.0	98016.0	98016.0	0.0	 	0.0
5	2	261460.0	261456.0	261460.0	0.0	 	0.0
5	3	234720.0	234720.0	234720.0	0.0	 	0.0
5	4	50304.0	50304.0	50304.0	0.0	 	0.0
5	6	239904.0	239904.0	239900.0	0.0	 	4.0
5	7	103731.99999999997	103728.0	103730.0	0.0	 	2.0
5	8	210384.0	210384.0	210380.0	0.0	 	4.0
5	9	88272.0	88272.0	88272.0	0.0	 	0.0
5	10	57504.0	57504.0	57504.0	0.0	 	0.0
5	11	265492.0	265488.0	265490.0	0.0	 	2.0
5	12	235579.99999999997	235584.0	235580.0	0.0	 	0.0
6	0	218204.0	218208.0	218210.0	6.0	 	0.0
6	1	2568.0	2832.0	2561.0	-0.0	 	7.0
6	2	213888.0	213888.0	213890.0	2.0	 	0.0
6	3	262608.0	262608.0	262610.0	2.0	 	0.0
6	4	82356.00000000001	82224.0	81650.0	0.0	 	707.0
6	5	147360.0	147360.0	147360.0	0.0	 	0.0
6	7	118448.00000000001	116160.0	116160.0	0.0	 	2289.0
6	8	113684.00000000001	111264.0	111260.0	0.0	 	2425.0
6	9	261104.0	265680.0	261100.0	0.0	 	4.0
6	10	301060.0	301056.0	301060.0	0.0	 	0.0
6	11	14976.0	14976.0	14976.0	0.0	 	0.0
6	12	6624.0	6624.0	6624.0	0.0	 	0.0
7	0	29856.0	29856.0	29856.0	0.0	 	0.0
7	1	68976.00000000003	68976.0	68976.0	0.0	 	1.0
7	2	17712.0	17712.0	17712.0	0.0	 	0.0
7	3	44688.00000000002	44688.0	44688.0	0.0	 	1.0
7	4	157199.99999999997	157200.0	157200.0	0.0	 	0.0
7	5	203620.0	203616.0	203620.0	0.0	 	0.0
7	6	5716.000000000015	5712.0	5712.0	0.0	 	5.0
7	8	61008.0	61008.0	61008.0	0.0	 	0.0
7	9	132424.0	130128.0	130130.0	0.0	 	2294.0
7	10	44112.0	44112.0	44112.0	0.0	 	0.0
7	11	156140.0	156144.0	156140.0	0.0	 	0.0
7	12	161612.0	161616.0	161620.0	8.0	 	0.0
8	0	88491.99999999999	88368.0	88368.0	0.0	 	124.0
8	1	266880.0	266880.0	266880.0	0.0	 	0.0
8	2	234960.0	234960.0	234960.0	0.0	 	0.0
8	3	256376.0	256368.0	256370.0	0.0	 	6.0
8	4	91412.0	89088.0	89088.0	0.0	 	2324.0
8	5	1536.0	1536.0	1536.0	0.0	 	0.0
8	6	56112.0	56112.0	56112.0	0.0	 	0.0
8	7	138000.0	138000.0	138000.0	0.0	 	0.0
8	9	213932.0	210960.0	210960.0	0.0	 	2972.0
8	10	137272.0	137136.0	137140.0	0.0	 	132.0
8	11	167680.0	167952.0	167680.0	0.0	 	0.0
8	12	18240.0	18240.0	18240.0	0.0	 	0.0
9	0	201260.0	201264.0	201260.0	0.0	 	0.0
9	1	216000.0	216000.0	216000.0	0.0	 	0.0
9	2	158496.0	158496.0	158500.0	4.0	 	0.0
9	3	112272.0	110304.0	110300.0	0.0	 	1972.0
9	4	125280.0	133872.0	122490.0	0.0	 	2790.0
9	5	70555.99999999999	70560.0	70560.0	4.0	 	0.0
9	6	241920.0	241920.0	241920.0	0.0	 	0.0
9	7	142996.0	142992.0	142990.0	0.0	 	6.0
9	8	26132.0	23808.0	23544.0	0.0	 	2588.0
9	10	43368.0	39072.0	39072.0	0.0	 	4296.0
9	11	119952.0	119808.0	108430.0	0.0	 	11522.0
9	12	269040.0	269040.0	269040.0	0.0	 	0.0
10	0	143232.0	143232.0	143230.0	0.0	 	2.0
10	1	110264.0	110256.0	110260.0	0.0	 	4.0
10	2	192100.0	192096.0	192100.0	0.0	 	0.0
10	3	246272.0	241872.0	227920.0	0.0	 	18352.0
10	4	44736.0	44736.0	44736.0	0.0	 	0.0
10	5	282824.0	282816.0	282820.0	0.0	 	4.0
10	6	10752.0	10752.0	10752.0	0.0	 	0.0
10	7	285072.0	285072.0	285070.0	0.0	 	2.0
10	8	275744.0	275856.0	255390.0	0.0	 	20354.0
10	9	303016.0	298272.0	298270.0	0.0	 	4746.0
10	11	277567.99999999994	277440.0	277440.0	0.0	 	128.0
10	12	247920.0	247920.0	247920.0	0.0	 	0.0
11	0	261939.99999999994	261936.0	261940.0	0.0	 	0.0
11	1	286128.0	286128.0	286130.0	2.0	 	0.0
11	2	285840.00000000006	285840.0	280150.0	0.0	 	5691.0
11	3	45120.0	45120.0	45120.0	0.0	 	0.0
11	4	114756.0	114768.0	114770.0	14.0	 	0.0
11	5	121060.0	121056.0	121060.0	0.0	 	0.0
11	6	259300.0	259296.0	259300.0	0.0	 	0.0
11	7	134500.0	134496.0	134500.0	0.0	 	0.0
11	8	308984.0	308976.0	308980.0	0.0	 	4.0
11	9	306852.0	302112.0	302110.0	0.0	 	4742.0
11	10	80496.0	80496.0	80496.0	0.0	 	0.0
11	12	15648.0	15648.0	15648.0	0.0	 	0.0
12	0	236784.0	236784.0	236780.0	0.0	 	4.0
12	1	223820.0	223824.0	223820.0	0.0	 	0.0
12	2	143184.0	143184.0	143180.0	0.0	 	4.0
12	3	13584.0	13584.0	13584.0	0.0	 	0.0
12	4	53552.0	53760.0	53546.0	0.0	 	6.0
12	5	46416.0	46416.0	46416.0	0.0	 	0.0
12	6	305800.0	305808.0	286070.0	0.0	 	19730.0
12	7	255980.0	255984.0	255980.0	0.0	 	0.0
12	8	260800.0	260592.0	260590.0	0.0	 	210.0
12	9	180880.0	190368.0	180880.0	0.0	 	0.0
12	10	51308.0	46560.0	46560.0	0.0	 	4748.0
12	11	292652.0	287904.0	287900.0	0.0	 	4752.0

l	i	j	v Observado	v Estimado
0	0	1	161442.0	161442.0
1	0	1	161442.0	161442.0
2	0	1	161442.0	161442.0
3	0	1	161442.0	161442.0
0	0	2	291234.0	291234.0
1	0	2	291234.0	291234.0
2	0	2	291234.0	291234.0
3	0	2	291234.0	291234.0
0	1	3	121560.0	121560.0
1	1	3	121560.0	121560.0
2	1	3	121560.0	121560.0
3	1	3	121560.0	121560.0
0	2	3	28146.0	28146.0
1	2	3	28146.0	28146.0
2	2	3	28146.0	28146.0
3	2	3	28146.0	28146.0
0	1	4	236964.0	236964.0
1	1	4	236964.0	236964.0
2	1	4	236964.0	236964.0
3	1	4	236964.0	236964.0
0	2	4	73902.0	73902.0
1	2	4	73902.0	73902.0
2	2	4	73902.0	73902.0
3	2	4	73902.0	73902.0
0	2	5	150276.0	150276.0
1	2	5	150276.0	150276.0
2	2	5	150276.0	150276.0
3	2	5	150276.0	150276.0
0	4	6	168486.0	168486.0
1	4	6	168486.0	168486.0
2	4	6	168486.0	168486.0
3	4	6	168486.0	168486.0
0	2	7	175710.0	175710.0
1	2	7	175710.0	175710.0
2	2	7	175710.0	175710.0
3	2	7	175710.0	175710.0
0	1	8	151242.0	151242.0
1	1	8	151242.0	151242.0
2	1	8	151242.0	151242.0
3	1	8	151242.0	151242.0
0	0	11	222672.0	222672.0
0	11	9	310386.0	310386.0
1	0	11	222672.0	222672.0
1	11	9	310386.0	310386.0
2	0	11	222672.0	222672.0
2	11	9	310386.0	310386.0
3	0	11	222672.0	222672.0
3	11	9	310386.0	310386.0
0	0	12	99894.0	99894.0
0	12	10	225432.0	225432.0
1	0	12	99894.0	99894.0
1	12	10	225432.0	225432.0
2	0	12	99894.0	99894.0
2	12	10	225432.0	225432.0
3	0	12	99894.0	99894.0
3	12	10	225432.0	225432.0
0	11	10	224520.0	224520.0
1	11	10	224520.0	224520.0
2	11	10	224520.0	224520.0
3	11	10	224520.0	224520.0
0	1	0	119442.0	119442.0
1	1	0	119442.0	119442.0
2	1	0	119442.0	119442.0
3	1	0	119442.0	119442.0
0	1	2	115752.0	115752.0
1	1	2	115752.0	115752.0
2	1	2	115752.0	115752.0
3	1	2	115752.0	115752.0
0	3	5	127896.0	127896.0
1	3	5	127896.0	127896.0
2	3	5	127896.0	127896.0
3	3	5	127896.0	127896.0
0	8	6	82704.0	82704.0
1	8	6	82704.0	82704.0
2	8	6	82704.0	82704.0
3	8	6	82704.0	82704.0
0	8	7	111048.0	111048.0
1	8	7	111048.0	111048.0
2	8	7	111048.0	111048.0
3	8	7	111048.0	111048.0
0	8	9	157380.0	157380.0
1	8	9	157380.0	157380.0
2	8	9	157380.0	157380.0
3	8	9	157380.0	157380.0
0	1	12	280458.0	280458.0
1	1	12	280458.0	280458.0
2	1	12	280458.0	280458.0
3	1	12	280458.0	280458.0
0	4	10	313332.0	313332.0
1	4	10	313332.0	313332.0
2	4	10	313332.0	313332.0
3	4	10	313332.0	313332.0
0	12	11	181386.0	181386.0
1	12	11	181386.0	181386.0
2	12	11	181386.0	181386.0
3	12	11	181386.0	181386.0
0	2	0	169836.0	169836.0
1	2	0	169836.0	169836.0
2	2	0	169836.0	169836.0
3	2	0	169836.0	169836.0
0	2	1	89010.0	89010.0
1	2	1	89010.0	89010.0
2	2	1	89010.0	89010.0
3	2	1	89010.0	89010.0
0	5	6	125676.0	125676.0
1	5	6	125676.0	125676.0
2	5	6	125676.0	125676.0
3	5	6	125676.0	125676.0
0	4	8	109422.0	109422.0
1	4	8	109422.0	109422.0
2	4	8	109422.0	109422.0
3	4	8	109422.0	109422.0
0	7	9	151938.0	151938.0
1	7	9	151938.0	151938.0
2	7	9	151938.0	151938.0
3	7	9	151938.0	151938.0
0	3	2	142602.0	142602.0
1	3	2	142602.0	142602.0
2	3	2	142602.0	142602.0
3	3	2	142602.0	142602.0
0	3	1	133500.0	133500.0
1	3	1	133500.0	133500.0
2	3	1	133500.0	133500.0
3	3	1	133500.0	133500.0
0	3	4	141348.0	141348.0
1	3	4	141348.0	141348.0
2	3	4	141348.0	141348.0
3	3	4	141348.0	141348.0
0	5	7	109038.0	109038.0
1	5	7	109038.0	109038.0
2	5	7	109038.0	109038.0
3	5	7	109038.0	109038.0
0	4	2	162678.0	162678.0
1	4	2	162678.0	162678.0
2	4	2	162678.0	162678.0
3	4	2	162678.0	162678.0
0	4	1	139734.0	139734.0
1	4	1	139734.0	139734.0
2	4	1	139734.0	139734.0
3	4	1	139734.0	139734.0
0	4	3	210684.0	210684.0
1	4	3	210684.0	210684.0
2	4	3	210684.0	210684.0
3	4	3	210684.0	210684.0
0	4	5	139800.0	139800.0
1	4	5	139800.0	139800.0
2	4	5	139800.0	139800.0
3	4	5	139800.0	139800.0
0	10	9	167802.0	167802.0
1	10	9	167802.0	167802.0
2	10	9	167802.0	167802.0
3	10	9	167802.0	167802.0
0	10	11	225666.0	225666.0
1	10	11	225666.0	225666.0
2	10	11	225666.0	225666.0
3	10	11	225666.0	225666.0
0	10	12	171840.0	171840.0
1	10	12	171840.0	171840.0
2	10	12	171840.0	171840.0
3	10	12	171840.0	171840.0
0	5	2	158856.0	158856.0
1	5	2	158856.0	158856.0
2	5	2	158856.0	158856.0
3	5	2	158856.0	158856.0
0	5	4	183582.0	183582.0
1	5	4	183582.0	183582.0
2	5	4	183582.0	183582.0
3	5	4	183582.0	183582.0
0	5	3	109344.0	109344.0
1	5	3	109344.0	109344.0
2	5	3	109344.0	109344.0
3	5	3	109344.0	109344.0
0	6	8	87678.0	87678.0
1	6	8	87678.0	87678.0
2	6	8	87678.0	87678.0
3	6	8	87678.0	87678.0
0	6	10	133770.0	133770.0
1	6	10	133770.0	133770.0
2	6	10	133770.0	133770.0
3	6	10	133770.0	133770.0
0	6	5	186498.0	186498.0
1	6	5	186498.0	186498.0
2	6	5	186498.0	186498.0
3	6	5	186498.0	186498.0
0	6	4	73386.0	73386.0
1	6	4	73386.0	73386.0
2	6	4	73386.0	73386.0
3	6	4	73386.0	73386.0
0	8	1	199896.0	199896.0
1	8	1	199896.0	199896.0
2	8	1	199896.0	199896.0
3	8	1	199896.0	199896.0
0	6	7	88986.0	88986.0
0	7	2	121830.0	121830.0
1	6	7	88986.0	88986.0
1	7	2	121830.0	121830.0
2	6	7	88986.0	88986.0
2	7	2	121830.0	121830.0
3	6	7	88986.0	88986.0
3	7	2	121830.0	121830.0
0	7	8	49038.0	49038.0
1	7	8	49038.0	49038.0
2	7	8	49038.0	49038.0
3	7	8	49038.0	49038.0
0	7	5	74322.0	74322.0
1	7	5	74322.0	74322.0
2	7	5	74322.0	74322.0
3	7	5	74322.0	74322.0
0	7	6	66996.0	66996.0
1	7	6	66996.0	66996.0
2	7	6	66996.0	66996.0
3	7	6	66996.0	66996.0
0	8	4	147648.0	147648.0
1	8	4	147648.0	147648.0
2	8	4	147648.0	147648.0
3	8	4	147648.0	147648.0
0	8	10	63072.0	63072.0
1	8	10	63072.0	63072.0
2	8	10	63072.0	63072.0
3	8	10	63072.0	63072.0
0	9	11	173928.0	173928.0
1	9	11	173928.0	173928.0
2	9	11	173928.0	173928.0
3	9	11	173928.0	173928.0
0	11	0	240930.0	240930.0
1	11	0	240930.0	240930.0
2	11	0	240930.0	240930.0
3	11	0	240930.0	240930.0
0	9	8	173124.0	173124.0
1	9	8	173124.0	173124.0
2	9	8	173124.0	173124.0
3	9	8	173124.0	173124.0
0	9	7	226266.0	226266.0
1	9	7	226266.0	226266.0
2	9	7	226266.0	226266.0
3	9	7	226266.0	226266.0
0	9	10	90372.0	90372.0
0	10	4	243078.0	243078.0
1	9	10	90372.0	90372.0
1	10	4	243078.0	243078.0
2	9	10	90372.0	90372.0
2	10	4	243078.0	243078.0
3	9	10	90372.0	90372.0
3	10	4	243078.0	243078.0
0	10	6	209556.0	209556.0
1	10	6	209556.0	209556.0
2	10	6	209556.0	209556.0
3	10	6	209556.0	209556.0
0	11	12	78948.0	78948.0
1	11	12	78948.0	78948.0
2	11	12	78948.0	78948.0
3	11	12	78948.0	78948.0
0	12	0	106602.0	106602.0
1	12	0	106602.0	106602.0
2	12	0	106602.0	106602.0
3	12	0	106602.0	106602.0
0	10	8	189576.0	189576.0
1	10	8	189576.0	189576.0
2	10	8	189576.0	189576.0
3	10	8	189576.0	189576.0
0	12	1	171732.0	171732.0
1	12	1	171732.0	171732.0
2	12	1	171732.0	171732.0
3	12	1	171732.0	171732.0
