-----------------------------------------------------
-----     Resultados    -----
-----------------------------------------------------

Parametro Deficit (alfa): 1.0
Parametro Exceso (beta):  1.0
Parametro de probabilidades (epsilon): 0.0
CPU time: 0.033
p	q	g Estimada	g Exacta	g Referencia	Deficit	Exceso
0	1	107872.0	106680.0	106680.0	0.0	 	1192.0
0	2	155930.0	155928.0	149370.0	0.0	 	6560.0
0	3	147100.0	147096.0	147100.0	0.0	 	0.0
0	4	27648.0	27648.0	27648.0	0.0	 	0.0
0	5	112320.0	112320.0	112320.0	0.0	 	0.0
0	6	147120.0	147120.0	147120.0	0.0	 	0.0
0	7	100340.0	100344.0	100340.0	0.0	 	0.0
0	8	95024.0	92304.0	92304.0	0.0	 	2720.0
0	9	5376.0	5376.0	5376.0	0.0	 	0.0
0	10	74208.0	74208.0	74208.0	0.0	 	0.0
0	11	19420.0	19848.0	19420.0	0.0	 	0.0
0	12	128208.0	128208.0	128210.0	2.0	 	0.0
1	0	112130.0	112128.0	112130.0	0.0	 	0.0
1	2	12768.0	12768.0	12768.0	0.0	 	0.0
1	3	142250.0	142248.0	142250.0	0.0	 	0.0
1	4	119662.0	119664.0	108620.0	0.0	 	11042.0
1	5	126764.0	126768.0	126770.0	6.0	 	0.0
1	6	67416.0	67416.0	67416.0	0.0	 	0.0
1	7	146980.0	146976.0	146980.0	0.0	 	0.0
1	8	15792.0	15792.0	15792.0	0.0	 	0.0
1	9	74948.0	76152.0	73453.0	-0.0	 	1495.0
1	10	136200.0	136200.0	136200.0	0.0	 	0.0
1	11	122812.0	122808.0	122810.0	0.0	 	2.0
1	12	11976.0	11976.0	11976.0	0.0	 	0.0
2	0	124388.0	118152.0	118150.0	0.0	 	6238.0
2	1	128760.0	128760.0	128760.0	0.0	 	0.0
2	3	32018.0	29040.0	29040.0	0.0	 	2978.0
2	4	109296.0	107640.0	107640.0	0.0	 	1656.0
2	5	105504.0	105504.0	105500.0	0.0	 	4.0
2	6	106732.0	106728.0	106730.0	0.0	 	2.0
2	7	155154.0	151776.0	146050.0	0.0	 	9104.0
2	8	52056.0	52056.0	52056.0	0.0	 	0.0
2	9	118638.0	113040.0	113040.0	0.0	 	5598.0
2	10	103510.0	105168.0	103510.0	0.0	 	0.0
2	11	147530.0	147528.0	147530.0	0.0	 	0.0
2	12	109488.0	109488.0	109490.0	2.0	 	0.0
3	0	114772.0	114768.0	114770.0	0.0	 	2.0
3	1	47208.0	47208.0	47208.0	0.0	 	0.0
3	2	42384.0	38184.0	38184.0	0.0	 	4200.0
3	4	138240.0	138240.0	138240.0	0.0	 	0.0
3	5	144238.0	144072.0	144070.0	0.0	 	168.0
3	6	24748.0	26424.0	24748.0	0.0	 	0.0
3	7	13636.0	12288.0	12288.0	0.0	 	1348.0
3	8	53784.0	53784.0	53784.0	0.0	 	0.0
3	9	96220.0	101520.0	95279.0	-0.0	 	941.0
3	10	49534.0	48696.0	48696.0	0.0	 	838.0
3	11	156064.0	155640.0	155640.0	0.0	 	424.0
3	12	139030.0	139032.0	139030.0	0.0	 	0.0
4	0	61560.0	61560.0	61560.0	0.0	 	0.0
4	1	49978.0	49608.0	49608.0	0.0	 	370.0
4	2	25360.0	22848.0	22848.0	0.0	 	2512.0
4	3	47656.0	45816.0	45816.0	0.0	 	1840.0
4	5	117244.0	112896.0	110070.0	0.0	 	7174.0
4	6	41948.0	41112.0	41112.0	0.0	 	836.0
4	7	114832.0	123528.0	111960.0	0.0	 	2872.0
4	8	76824.0	76824.0	76824.0	0.0	 	0.0
4	9	106344.0	106344.0	106340.0	0.0	 	4.0
4	10	119978.0	119160.0	119160.0	0.0	 	818.0
4	11	97348.0	97344.0	97344.0	0.0	 	4.0
4	12	154272.0	154272.0	154270.0	0.0	 	2.0
5	0	77088.0	77088.0	77088.0	0.0	 	0.0
5	1	71328.0	71328.0	71328.0	0.0	 	0.0
5	2	90106.0	88656.0	88656.0	0.0	 	1450.0
5	3	139828.0	136848.0	136850.0	0.0	 	2978.0
5	4	41618.0	41616.0	41616.0	0.0	 	2.0
5	6	82842.0	82008.0	82008.0	0.0	 	834.0
5	7	84950.0	80616.0	80616.0	0.0	 	4334.0
5	8	83640.0	83640.0	83640.0	0.0	 	0.0
5	9	10020.0	10680.0	10020.0	0.0	 	0.0
5	10	100732.0	100728.0	100730.0	0.0	 	2.0
5	11	140780.0	140784.0	140780.0	0.0	 	0.0
5	12	3552.0	3552.0	3552.0	0.0	 	0.0
6	0	45120.0	45120.0	45120.0	0.0	 	0.0
6	1	107020.0	107760.0	107020.0	0.0	 	0.0
6	2	36076.0	38976.0	36076.0	0.0	 	0.0
6	3	18432.0	18432.0	18432.0	0.0	 	0.0
6	4	82138.0	81768.0	81768.0	0.0	 	370.0
6	5	145138.0	143688.0	143690.0	0.0	 	1448.0
6	7	120868.0	119784.0	119780.0	0.0	 	1088.0
6	8	122020.0	122016.0	122020.0	0.0	 	0.0
6	9	101484.0	100752.0	100750.0	0.0	 	734.0
6	10	33722.0	33720.0	33720.0	0.0	 	2.0
6	11	37944.0	37944.0	37944.0	0.0	 	0.0
6	12	73104.0	73104.0	73104.0	0.0	 	0.0
7	0	117920.0	124584.0	117920.0	0.0	 	0.0
7	1	95400.0	95400.0	95400.0	0.0	 	0.0
7	2	132436.0	126384.0	126380.0	0.0	 	6056.0
7	3	62176.0	68136.0	62176.0	0.0	 	0.0
7	4	58176.0	58176.0	58176.0	0.0	 	0.0
7	5	50596.0	47616.0	47616.0	0.0	 	2980.0
7	6	149284.0	149280.0	149280.0	0.0	 	4.0
7	8	54000.0	54000.0	52739.0	-0.0	 	1261.0
7	9	69720.0	69720.0	69720.0	0.0	 	0.0
7	10	96672.0	96672.0	96672.0	0.0	 	0.0
7	11	108860.0	108864.0	108860.0	0.0	 	0.0
7	12	8060.0	8064.0	8064.0	4.0	 	0.0
8	0	97410.0	97416.0	97416.0	6.0	 	0.0
8	1	47728.0	47352.0	47352.0	0.0	 	376.0
8	2	129140.0	129144.0	129140.0	0.0	 	0.0
8	3	85248.0	85248.0	85248.0	0.0	 	0.0
8	4	31970.0	31968.0	31968.0	0.0	 	2.0
8	5	103416.0	103416.0	103420.0	4.0	 	0.0
8	6	17088.0	17088.0	17088.0	0.0	 	0.0
8	7	84144.0	84144.0	84144.0	0.0	 	0.0
8	9	8444.0	7608.0	7608.0	0.0	 	836.0
8	10	23734.0	23736.0	23736.0	2.0	 	0.0
8	11	127612.0	127608.0	127610.0	0.0	 	2.0
8	12	16536.0	16536.0	16536.0	0.0	 	0.0
9	0	111070.0	111072.0	111070.0	0.0	 	0.0
9	1	90336.0	90336.0	90336.0	0.0	 	0.0
9	2	50908.0	45864.0	45864.0	0.0	 	5044.0
9	3	7224.0	7224.0	7224.0	0.0	 	0.0
9	4	28704.0	28704.0	28704.0	0.0	 	0.0
9	5	56064.0	56064.0	56064.0	0.0	 	0.0
9	6	155880.0	155880.0	155880.0	0.0	 	0.0
9	7	136940.0	134592.0	134590.0	0.0	 	2350.0
9	8	141134.0	139848.0	139850.0	0.0	 	1284.0
9	10	77112.0	77112.0	77112.0	0.0	 	0.0
9	11	109156.0	109152.0	109150.0	0.0	 	6.0
9	12	39360.0	39360.0	39360.0	0.0	 	0.0
10	0	25848.0	25848.0	25848.0	0.0	 	0.0
10	1	113472.0	113472.0	113470.0	0.0	 	2.0
10	2	129662.0	127824.0	127820.0	0.0	 	1842.0
10	3	34280.0	36120.0	34280.0	0.0	 	0.0
10	4	38808.0	38808.0	38808.0	0.0	 	0.0
10	5	150240.0	150240.0	150240.0	0.0	 	0.0
10	6	20304.0	20304.0	20304.0	0.0	 	0.0
10	7	16608.0	16608.0	16608.0	0.0	 	0.0
10	8	126956.0	124152.0	124150.0	0.0	 	2806.0
10	9	15950.0	15936.0	15936.0	0.0	 	14.0
10	11	143350.0	143352.0	143350.0	0.0	 	0.0
10	12	125620.0	125616.0	125620.0	0.0	 	0.0
11	0	88276.0	84360.0	84360.0	0.0	 	3916.0
11	1	111644.0	119472.0	108340.0	0.0	 	3304.0
11	2	95784.0	95784.0	95784.0	0.0	 	0.0
11	3	60312.0	60312.0	60312.0	0.0	 	0.0
11	4	75984.0	75984.0	75984.0	0.0	 	0.0
11	5	18672.0	18672.0	18672.0	0.0	 	0.0
11	6	106390.0	106392.0	106390.0	0.0	 	0.0
11	7	76920.0	76920.0	76920.0	0.0	 	0.0
11	8	50132.0	52704.0	49780.0	0.0	 	352.0
11	9	147172.0	138480.0	138480.0	0.0	 	8692.0
11	10	66424.0	65136.0	59842.0	0.0	 	6582.0
11	12	39506.0	35592.0	35592.0	0.0	 	3914.0
12	0	12024.0	12024.0	11576.0	0.0	 	448.0
12	1	143216.0	137784.0	137780.0	0.0	 	5436.0
12	2	31656.0	31656.0	31656.0	0.0	 	0.0
12	3	126550.0	126552.0	126550.0	0.0	 	0.0
12	4	118852.0	118848.0	118850.0	0.0	 	2.0
12	5	28152.0	28152.0	28152.0	0.0	 	0.0
12	6	104570.0	104568.0	104570.0	0.0	 	0.0
12	7	67368.0	74760.0	67368.0	0.0	 	0.0
12	8	72948.0	75984.0	71994.0	0.0	 	954.0
12	9	2396.0	2424.0	2393.0	-0.0	 	3.0
12	10	15424.0	13896.0	13896.0	0.0	 	1528.0
12	11	95820.0	88416.0	88416.0	0.0	 	7404.0

l	i	j	v Observado	v Estimado
0	0	1	246606.0	246606.0
1	0	1	246606.0	246606.0
0	0	2	297864.0	297864.0
1	0	2	297864.0	297864.0
0	1	3	239256.0	239256.0
1	1	3	239256.0	239256.0
0	2	3	68328.0	68328.0
1	2	3	68328.0	68328.0
0	1	4	220920.0	220920.0
1	1	4	220920.0	220920.0
0	2	4	153012.0	153012.0
1	2	4	153012.0	153012.0
0	2	5	181362.0	181362.0
1	2	5	181362.0	181362.0
0	4	6	144258.0	144258.0
1	4	6	144258.0	144258.0
0	2	7	304038.0	304038.0
1	2	7	304038.0	304038.0
0	1	8	191178.0	191178.0
1	1	8	191178.0	191178.0
0	0	11	213450.0	213450.0
0	11	9	161550.0	161550.0
1	0	11	213450.0	213450.0
1	11	9	161550.0	161550.0
0	0	12	110028.0	110028.0
0	12	10	161148.0	161148.0
1	0	12	110028.0	110028.0
1	12	10	161148.0	161148.0
0	11	10	179898.0	179898.0
1	11	10	179898.0	179898.0
0	1	0	179556.0	179556.0
1	1	0	179556.0	179556.0
0	1	2	82734.0	82734.0
1	1	2	82734.0	82734.0
0	3	5	113406.0	113406.0
1	3	5	113406.0	113406.0
0	8	6	90222.0	90222.0
1	8	6	90222.0	90222.0
0	8	7	141108.0	141108.0
1	8	7	141108.0	141108.0
0	8	9	125556.0	125556.0
1	8	9	125556.0	125556.0
0	1	12	212106.0	212106.0
1	1	12	212106.0	212106.0
0	4	10	379962.0	379962.0
1	4	10	379962.0	379962.0
0	12	11	112896.0	112896.0
1	12	11	112896.0	112896.0
0	2	0	405510.0	405510.0
1	2	0	405510.0	405510.0
0	2	1	128616.0	128616.0
1	2	1	128616.0	128616.0
0	5	6	120384.0	120384.0
1	5	6	120384.0	120384.0
0	4	8	112368.0	112368.0
1	4	8	112368.0	112368.0
0	7	9	227100.0	227100.0
1	7	9	227100.0	227100.0
0	3	2	179436.0	179436.0
1	3	2	179436.0	179436.0
0	3	1	153090.0	153090.0
1	3	1	153090.0	153090.0
0	3	4	113520.0	113520.0
1	3	4	113520.0	113520.0
0	5	7	79602.0	79602.0
1	5	7	79602.0	79602.0
0	4	2	153894.0	153894.0
1	4	2	153894.0	153894.0
0	4	1	125310.0	125310.0
1	4	1	125310.0	125310.0
0	4	3	85578.0	85578.0
1	4	3	85578.0	85578.0
0	4	5	134226.0	134226.0
1	4	5	134226.0	134226.0
0	10	9	39312.0	39312.0
1	10	9	39312.0	39312.0
0	10	11	248076.0	248076.0
1	10	11	248076.0	248076.0
0	10	12	190764.0	190764.0
1	10	12	190764.0	190764.0
0	5	2	115176.0	115176.0
1	5	2	115176.0	115176.0
0	5	4	156900.0	156900.0
1	5	4	156900.0	156900.0
0	5	3	107898.0	107898.0
1	5	3	107898.0	107898.0
0	6	8	134046.0	134046.0
1	6	8	134046.0	134046.0
0	6	10	125766.0	125766.0
1	6	10	125766.0	125766.0
0	6	5	172170.0	172170.0
1	6	5	172170.0	172170.0
0	6	4	86976.0	86976.0
1	6	4	86976.0	86976.0
0	8	1	222156.0	222156.0
1	8	1	222156.0	222156.0
0	6	7	94824.0	94824.0
0	7	2	231330.0	231330.0
1	6	7	94824.0	94824.0
1	7	2	231330.0	231330.0
0	7	8	89562.0	89562.0
1	7	8	89562.0	89562.0
0	7	5	94728.0	94728.0
1	7	5	94728.0	94728.0
0	7	6	117384.0	117384.0
1	7	6	117384.0	117384.0
0	8	4	94914.0	94914.0
1	8	4	94914.0	94914.0
0	8	10	72072.0	72072.0
1	8	10	72072.0	72072.0
0	9	11	206286.0	206286.0
1	9	11	206286.0	206286.0
0	11	0	181938.0	181938.0
1	11	0	181938.0	181938.0
0	9	8	178026.0	178026.0
1	9	8	178026.0	178026.0
0	9	7	198252.0	198252.0
1	9	7	198252.0	198252.0
0	9	10	94542.0	94542.0
0	10	4	238230.0	238230.0
1	9	10	94542.0	94542.0
1	10	4	238230.0	238230.0
0	10	6	192162.0	192162.0
1	10	6	192162.0	192162.0
0	11	12	72582.0	72582.0
1	11	12	72582.0	72582.0
0	12	0	34464.0	34464.0
1	12	0	34464.0	34464.0
0	10	8	126768.0	126768.0
1	10	8	126768.0	126768.0
0	12	1	262104.0	262104.0
1	12	1	262104.0	262104.0
