-----------------------------------------------------
-----     Resultados    -----
-----------------------------------------------------

Parametro Deficit (alfa): 1.0
Parametro Exceso (beta):  1.0
Parametro de probabilidades (epsilon): 0.0
CPU time: 0.096
p	q	g Estimada	g Exacta	g Referencia	Deficit	Exceso
0	1	121776.0000000004	123444.0	119950.0	-0.0	 	1827.0
0	2	263841.0	263844.0	263840.0	-0.0	 	1.0
0	3	250272.0	250272.0	250270.0	0.0	 	2.0
0	4	173448.0	173448.0	173450.0	2.0	 	0.0
0	5	268992.0	268992.0	268990.0	-0.0	 	2.0
0	6	243612.0	243612.0	243610.0	-0.0	 	2.0
0	7	180783.0	190548.0	173770.0	-0.0	 	7013.0
0	8	7632.0	7632.0	7632.0	0.0	 	0.0
0	9	103281.0	103284.0	103280.0	-0.0	 	1.0
0	10	96176.99999999996	93420.0	89174.0	-0.0	 	7003.0
0	11	201099.0	201096.0	201100.0	1.0	 	0.0
0	12	76824.00000000012	76824.0	76824.0	0.0	 	1.0
0	13	132605.9999999993	134784.0	122120.0	0.0	 	10486.0
0	14	186858.0	175932.0	175930.0	-0.0	 	10928.0
0	15	193332.00000000038	192240.0	192240.0	0.0	 	1093.0
1	0	58968.0	58968.0	58968.0	0.0	 	0.0
1	2	275022.0	272592.0	247770.0	0.0	 	27252.0
1	3	262371.0	262368.0	262370.0	-0.0	 	1.0
1	4	267624.0	267624.0	267620.0	0.0	 	4.0
1	5	116652.00000000004	119412.0	112850.0	-0.0	 	3803.0
1	6	217818.0	220248.0	215760.0	0.0	 	2058.0
1	7	11664.0	11664.0	11664.0	0.0	 	0.0
1	8	215568.0	215568.0	215570.0	2.0	 	0.0
1	9	72612.0	72612.0	72612.0	0.0	 	0.0
1	10	172731.0	172728.0	172730.0	-0.0	 	1.0
1	11	77076.0	77076.0	77076.0	0.0	 	0.0
1	12	171720.0	171720.0	171720.0	0.0	 	0.0
1	13	26172.0	26172.0	26172.0	0.0	 	0.0
1	14	144828.0	144828.0	144830.0	2.0	 	0.0
1	15	99900.0	99900.0	99900.0	0.0	 	0.0
2	0	8244.0	8244.0	8244.0	0.0	 	0.0
2	1	56880.0	56880.0	56880.0	0.0	 	0.0
2	3	215391.0	215388.0	215390.0	-0.0	 	1.0
2	4	214401.0	210816.0	210820.0	-0.0	 	3581.0
2	5	84534.00000000001	84528.0	84528.0	0.0	 	7.0
2	6	25668.0	25668.0	25668.0	0.0	 	0.0
2	7	95184.0	95184.0	95184.0	0.0	 	0.0
2	8	114441.00000000003	114444.0	114440.0	0.0	 	2.0
2	9	248981.99999999994	248976.0	248980.0	-0.0	 	2.0
2	10	286302.0	286308.0	283700.0	0.0	 	2602.0
2	11	17580.0	15840.0	15840.0	0.0	 	1740.0
2	12	258752.99999999994	260496.0	248650.0	-0.0	 	10103.0
2	13	71964.0	71964.0	71964.0	0.0	 	0.0
2	14	235566.00000000006	237888.0	220080.0	0.0	 	15487.0
2	15	261137.99999999994	261144.0	261140.0	2.0	 	0.0
3	0	77472.0	77472.0	77472.0	0.0	 	0.0
3	1	37122.0	33444.0	33444.0	0.0	 	3678.0
3	2	229824.0	229824.0	229820.0	-0.0	 	4.0
3	4	136692.0	136692.0	136690.0	-0.0	 	2.0
3	5	27852.0	25092.0	25092.0	0.0	 	2760.0
3	6	175104.00000000003	175104.0	175100.0	0.0	 	5.0
3	7	53856.0	53856.0	53856.0	0.0	 	0.0
3	8	108398.99999999997	108396.0	108400.0	1.0	 	0.0
3	9	31968.0	31968.0	31968.0	0.0	 	0.0
3	10	10707.0	9648.0	9648.0	0.0	 	1059.0
3	11	238658.99999999924	235692.0	235690.0	-0.0	 	2969.0
3	12	172482.0	172476.0	172480.0	0.0	 	2.0
3	13	273495.0000000004	272412.0	272410.0	-0.0	 	1086.0
3	14	85392.0	85392.0	85392.0	0.0	 	0.0
3	15	187779.00000000003	187776.0	187780.0	1.0	 	0.0
4	0	29580.0	27252.0	26654.0	0.0	 	2926.0
4	1	40428.00000000061	37296.0	37296.0	0.0	 	3133.0
4	2	209180.9999999997	211896.0	207430.0	-0.0	 	1751.0
4	3	303728.9999999997	285660.0	285660.0	0.0	 	18069.0
4	5	239541.0	239544.0	239540.0	-0.0	 	1.0
4	6	201618.0	199188.0	199190.0	-0.0	 	2428.0
4	7	1761.0	1764.0	1764.0	3.0	 	0.0
4	8	104940.0	104940.0	104940.0	0.0	 	0.0
4	9	65628.0	65628.0	65628.0	0.0	 	0.0
4	10	261342.0	280980.0	261340.0	-0.0	 	2.0
4	11	23904.0	23904.0	23904.0	0.0	 	0.0
4	12	176262.0	176256.0	176260.0	0.0	 	2.0
4	13	88167.00000000009	90504.0	84735.0	0.0	 	3433.0
4	14	122861.99999999991	120528.0	120530.0	-0.0	 	2332.0
4	15	154980.0	154980.0	154980.0	0.0	 	0.0
5	0	36288.0	36288.0	36288.0	0.0	 	0.0
5	1	36041.99999999926	34884.0	34884.0	0.0	 	1158.0
5	2	77436.0	77436.0	77436.0	0.0	 	0.0
5	3	170802.0	183204.0	170800.0	-0.0	 	2.0
5	4	204228.0	204228.0	204230.0	2.0	 	0.0
5	6	169128.0	169128.0	156540.0	0.0	 	12588.0
5	7	193017.0	191196.0	191200.0	-0.0	 	1817.0
5	8	228348.0	228348.0	228350.0	2.0	 	0.0
5	9	111651.0	113472.0	111650.0	-0.0	 	1.0
5	10	239580.00000000076	226728.0	226730.0	-0.0	 	12851.0
5	11	230472.0	230472.0	230470.0	-0.0	 	2.0
5	12	135177.0	135180.0	125640.0	0.0	 	9537.0
5	13	53964.0	53964.0	53964.0	0.0	 	0.0
5	14	219642.0	219636.0	219640.0	0.0	 	2.0
5	15	89097.0	89100.0	89100.0	3.0	 	0.0
6	0	149970.0	159372.0	149970.0	0.0	 	0.0
6	1	75933.0	77544.0	75931.0	-0.0	 	2.0
6	2	22338.0	22356.0	20127.0	0.0	 	2211.0
6	3	257334.0	257328.0	257330.0	0.0	 	4.0
6	4	65750.99999999997	65736.0	65736.0	0.0	 	15.0
6	5	219423.0	216864.0	216860.0	-0.0	 	2563.0
6	7	249651.0	240264.0	240260.0	-0.0	 	9391.0
6	8	179280.0	179280.0	179280.0	0.0	 	0.0
6	9	284436.00000000006	284436.0	284440.0	4.0	 	0.0
6	10	6479.999999999978	6480.0	6480.0	0.0	 	0.0
6	11	175181.99999999994	175176.0	175180.0	-0.0	 	2.0
6	12	116931.0	116928.0	116930.0	-0.0	 	1.0
6	13	157722.0	157716.0	157720.0	-0.0	 	2.0
6	14	194832.00000000006	194832.0	194830.0	0.0	 	3.0
6	15	25452.0	25452.0	25452.0	0.0	 	0.0
7	0	185361.0000000001	177804.0	177800.0	-0.0	 	7562.0
7	1	58068.0	58068.0	58068.0	0.0	 	0.0
7	2	183924.0	183924.0	183920.0	0.0	 	4.0
7	3	16776.0	16776.0	16776.0	0.0	 	0.0
7	4	223059.0	223056.0	223060.0	1.0	 	0.0
7	5	53115.00000000002	52164.0	52164.0	0.0	 	952.0
7	6	142850.99999999997	142848.0	142850.0	-0.0	 	1.0
7	8	254990.99999999994	254988.0	254990.0	-0.0	 	1.0
7	9	173430.0000000001	172764.0	172760.0	-0.0	 	671.0
7	10	205380.0	205380.0	205380.0	0.0	 	0.0
7	11	199470.00000000006	199476.0	182670.0	0.0	 	16801.0
7	12	220932.0	220932.0	220930.0	-0.0	 	2.0
7	13	168365.99999999983	166068.0	166070.0	0.0	 	2296.0
7	14	41184.0	41184.0	41184.0	0.0	 	0.0
7	15	203151.0	203148.0	203150.0	-0.0	 	1.0
8	0	204192.0	204192.0	204190.0	0.0	 	2.0
8	1	105072.0	110952.0	105070.0	-0.0	 	2.0
8	2	112641.0	112644.0	112640.0	-0.0	 	1.0
8	3	77127.0	71244.0	71244.0	0.0	 	5883.0
8	4	120564.0	120564.0	120560.0	0.0	 	4.0
8	5	195702.0	197604.0	195700.0	0.0	 	2.0
8	6	195063.0	194112.0	186670.0	-0.0	 	8393.0
8	7	172062.0	171108.0	165480.0	0.0	 	6582.0
8	9	255488.99999999994	255492.0	255490.0	1.0	 	0.0
8	10	47271.00000000003	47268.0	47268.0	0.0	 	4.0
8	11	97272.0	97272.0	97272.0	0.0	 	0.0
8	12	149717.99999999997	149724.0	149720.0	2.0	 	0.0
8	13	122151.00000000004	122148.0	122150.0	-0.0	 	2.0
8	14	222120.0	222120.0	222120.0	0.0	 	0.0
8	15	163152.0	163152.0	163150.0	0.0	 	2.0
9	0	262512.0	262512.0	262510.0	-0.0	 	2.0
9	1	74328.0	72756.0	72756.0	0.0	 	1572.0
9	2	50652.0	50652.0	50652.0	0.0	 	0.0
9	3	149616.0	149616.0	149620.0	4.0	 	0.0
9	4	120201.0	120204.0	120200.0	-0.0	 	1.0
9	5	137091.0	137088.0	137090.0	-0.0	 	1.0
9	6	271260.0	271260.0	271260.0	0.0	 	0.0
9	7	78444.0	78444.0	78444.0	0.0	 	0.0
9	8	66204.0	66204.0	66204.0	0.0	 	0.0
9	10	24444.0	24444.0	24444.0	0.0	 	0.0
9	11	256284.0	256284.0	252070.0	-0.0	 	4214.0
9	12	215856.0	215856.0	215860.0	4.0	 	0.0
9	13	215682.0	215676.0	215680.0	-0.0	 	2.0
9	14	145560.0	144180.0	144180.0	0.0	 	1380.0
9	15	223263.0	227376.0	222440.0	-0.0	 	823.0
10	0	33552.0	33552.0	33552.0	0.0	 	0.0
10	1	268059.0	268056.0	268060.0	1.0	 	0.0
10	2	60696.0	60696.0	60696.0	0.0	 	0.0
10	3	5868.0	5868.0	5868.0	0.0	 	0.0
10	4	242748.0	242748.0	242750.0	2.0	 	0.0
10	5	192488.99999999997	192492.0	192490.0	1.0	 	0.0
10	6	106524.0	106524.0	106520.0	-0.0	 	4.0
10	7	166200.0	167580.0	166200.0	0.0	 	0.0
10	8	168591.0	168588.0	168590.0	-0.0	 	1.0
10	9	251031.00000000006	251028.0	251030.0	-0.0	 	2.0
10	11	140711.99999999994	142992.0	140710.0	-0.0	 	2.0
10	12	76212.0	76212.0	76212.0	0.0	 	0.0
10	13	183174.0000000016	183168.0	183170.0	-0.0	 	5.0
10	14	47376.0	47376.0	47376.0	0.0	 	0.0
10	15	288323.9999999992	287640.0	287640.0	0.0	 	684.0
11	0	248361.0	248364.0	248360.0	-0.0	 	1.0
11	1	184928.99999999965	184932.0	184930.0	1.0	 	0.0
11	2	208080.0	208080.0	208080.0	0.0	 	0.0
11	3	196200.0	196200.0	196200.0	0.0	 	0.0
11	4	139680.0	139680.0	139680.0	0.0	 	0.0
11	5	175752.0	175752.0	175750.0	-0.0	 	2.0
11	6	143712.00000000003	143712.0	143710.0	-0.0	 	3.0
11	7	105558.0	104868.0	104870.0	-0.0	 	688.0
11	8	156018.0	156024.0	156020.0	2.0	 	0.0
11	9	23907.0	23256.0	23256.0	0.0	 	651.0
11	10	106491.0	106488.0	106490.0	-0.0	 	1.0
11	12	58650.0	58644.0	58644.0	0.0	 	6.0
11	13	157898.9999999996	157896.0	157900.0	1.0	 	0.0
11	14	139638.0	139644.0	139640.0	2.0	 	0.0
11	15	5976.0	5976.0	5976.0	0.0	 	0.0
12	0	47916.0	47916.0	47916.0	0.0	 	0.0
12	1	128153.99999999943	131292.0	128150.0	0.0	 	4.0
12	2	209499.0	207936.0	207940.0	-0.0	 	1559.0
12	3	74304.0	74304.0	74304.0	0.0	 	0.0
12	4	283362.0	283356.0	283360.0	0.0	 	2.0
12	5	277560.0	277560.0	277560.0	0.0	 	0.0
12	6	155340.0	155340.0	155340.0	0.0	 	0.0
12	7	268275.0	268272.0	268270.0	-0.0	 	5.0
12	8	31896.0	31896.0	31896.0	0.0	 	0.0
12	9	121932.0	123228.0	121930.0	0.0	 	2.0
12	10	185151.0	185148.0	185150.0	-0.0	 	1.0
12	11	260520.0	261612.0	250120.0	-0.0	 	10400.0
12	13	186033.0000000003	183816.0	183820.0	-0.0	 	2214.0
12	14	159411.0	159408.0	159410.0	-0.0	 	1.0
12	15	22536.0	22536.0	22536.0	0.0	 	0.0
13	0	194976.0	194976.0	187160.0	0.0	 	7816.0
13	1	30240.0	30240.0	30240.0	0.0	 	0.0
13	2	268668.0	268668.0	268670.0	2.0	 	0.0
13	3	23472.0	23472.0	23472.0	0.0	 	0.0
13	4	22212.0	22212.0	22212.0	0.0	 	0.0
13	5	122828.99999999997	122832.0	122830.0	1.0	 	0.0
13	6	122145.0	122148.0	122150.0	5.0	 	0.0
13	7	212694.0	212688.0	212690.0	0.0	 	4.0
13	8	107390.99999999997	107388.0	107390.0	0.0	 	1.0
13	9	115809.00000000004	115164.0	115160.0	-0.0	 	650.0
13	10	240552.0	240552.0	240550.0	0.0	 	2.0
13	11	255960.0	255960.0	255960.0	0.0	 	0.0
13	12	174638.99999999997	174636.0	174640.0	1.0	 	0.0
13	14	276726.0	277416.0	275120.0	-0.0	 	1606.0
13	15	107433.0	104004.0	104000.0	-0.0	 	3433.0
14	0	6873.0	6192.0	6192.0	0.0	 	681.0
14	1	148247.99999999997	148248.0	148250.0	2.0	 	0.0
14	2	90257.99999999988	90252.0	90252.0	0.0	 	6.0
14	3	116928.00000000003	116928.0	116930.0	2.0	 	0.0
14	4	218340.0	218340.0	218340.0	0.0	 	0.0
14	5	240228.0	240228.0	240230.0	2.0	 	0.0
14	6	3132.0	3132.0	3132.0	0.0	 	0.0
14	7	98499.0	88740.0	88740.0	0.0	 	9759.0
14	8	212001.0	212004.0	212000.0	0.0	 	1.0
14	9	43488.0	43488.0	43488.0	0.0	 	0.0
14	10	197640.0	197640.0	197640.0	0.0	 	0.0
14	11	215892.0	215892.0	215890.0	0.0	 	2.0
14	12	236913.0	236916.0	218370.0	0.0	 	18543.0
14	13	11988.0	10800.0	10800.0	0.0	 	1188.0
14	15	158112.0	158112.0	158110.0	-0.0	 	2.0
15	0	74556.0	74556.0	74556.0	0.0	 	0.0
15	1	246891.0	246888.0	246890.0	-0.0	 	1.0
15	2	107892.0	107892.0	107890.0	0.0	 	2.0
15	3	105981.0	105984.0	105980.0	-0.0	 	1.0
15	4	99212.99999999997	99216.0	99216.0	3.0	 	0.0
15	5	150732.0	150732.0	150730.0	-0.0	 	2.0
15	6	37116.0	37116.0	37116.0	0.0	 	0.0
15	7	121182.0	121176.0	121180.0	-0.0	 	2.0
15	8	114876.00000000004	114876.0	114880.0	4.0	 	0.0
15	9	253941.0	253944.0	253940.0	-0.0	 	1.0
15	10	10188.0	10188.0	10188.0	0.0	 	0.0
15	11	262509.0	262512.0	262510.0	1.0	 	0.0
15	12	210240.0	210240.0	210240.0	0.0	 	0.0
15	13	285351.00000000035	284256.0	284260.0	-0.0	 	1092.0
15	14	190041.0	190044.0	190040.0	-0.0	 	1.0

l	i	j	v Observado	v Estimado
0	0	1	330132.0	330132.0
1	0	1	330132.0	330132.0
2	0	1	330132.0	330132.0
0	0	2	285600.0	285600.0
1	0	2	285600.0	285600.0
2	0	2	285600.0	285600.0
0	1	3	509508.0	509508.0
1	1	3	509508.0	509508.0
2	1	3	509508.0	509508.0
0	2	3	225846.0	225846.0
1	2	3	225846.0	225846.0
2	2	3	225846.0	225846.0
0	2	4	423786.0	423786.0
1	2	4	423786.0	423786.0
2	2	4	423786.0	423786.0
0	0	14	231546.0	231546.0
0	14	4	268926.0	268926.0
1	0	14	231546.0	231546.0
1	14	4	268926.0	268926.0
2	0	14	231546.0	231546.0
2	14	4	268926.0	268926.0
0	3	5	254244.0	254244.0
1	3	5	254244.0	254244.0
2	3	5	254244.0	254244.0
0	4	6	276768.0	276768.0
1	4	6	276768.0	276768.0
2	4	6	276768.0	276768.0
0	14	7	373062.0	373062.0
1	14	7	373062.0	373062.0
2	14	7	373062.0	373062.0
0	3	8	209556.0	209556.0
1	3	8	209556.0	209556.0
2	3	8	209556.0	209556.0
0	1	13	396954.0	396954.0
0	13	9	347388.0	347388.0
1	1	13	396954.0	396954.0
1	13	9	347388.0	347388.0
2	1	13	396954.0	396954.0
2	13	9	347388.0	347388.0
0	3	10	421524.0	421524.0
1	3	10	421524.0	421524.0
2	3	10	421524.0	421524.0
0	13	11	341622.0	341622.0
1	13	11	341622.0	341622.0
2	13	11	341622.0	341622.0
0	2	12	267234.0	267234.0
1	2	12	267234.0	267234.0
2	2	12	267234.0	267234.0
0	14	12	247116.0	247116.0
1	14	12	247116.0	247116.0
2	14	12	247116.0	247116.0
0	0	15	130068.0	130068.0
0	15	13	343554.0	343554.0
1	0	15	130068.0	130068.0
1	15	13	343554.0	343554.0
2	0	15	130068.0	130068.0
2	15	13	343554.0	343554.0
0	1	0	60594.0	60594.0
1	1	0	60594.0	60594.0
2	1	0	60594.0	60594.0
0	1	2	300264.0	300264.0
1	1	2	300264.0	300264.0
2	1	2	300264.0	300264.0
0	3	4	237708.0	237708.0
1	3	4	237708.0	237708.0
2	3	4	237708.0	237708.0
0	13	12	323850.0	323850.0
1	13	12	323850.0	323850.0
2	13	12	323850.0	323850.0
0	1	15	163554.0	163554.0
0	15	14	281148.0	281148.0
1	1	15	163554.0	163554.0
1	15	14	281148.0	281148.0
2	1	15	163554.0	163554.0
2	15	14	281148.0	281148.0
0	2	0	157488.0	157488.0
1	2	0	157488.0	157488.0
2	2	0	157488.0	157488.0
0	2	1	185568.0	185568.0
1	2	1	185568.0	185568.0
2	2	1	185568.0	185568.0
0	4	5	133974.0	133974.0
1	4	5	133974.0	133974.0
2	4	5	133974.0	133974.0
0	4	7	84648.0	84648.0
1	4	7	84648.0	84648.0
2	4	7	84648.0	84648.0
0	12	7	372012.0	372012.0
1	12	7	372012.0	372012.0
2	12	7	372012.0	372012.0
0	12	10	236502.0	236502.0
1	12	10	236502.0	236502.0
2	12	10	236502.0	236502.0
0	12	11	149004.0	149004.0
1	12	11	149004.0	149004.0
2	12	11	149004.0	149004.0
0	12	13	119442.0	119442.0
1	12	13	119442.0	119442.0
2	12	13	119442.0	119442.0
0	4	14	311424.0	311424.0
1	4	14	311424.0	311424.0
2	4	14	311424.0	311424.0
0	3	2	229752.0	229752.0
1	3	2	229752.0	229752.0
2	3	2	229752.0	229752.0
0	3	1	366840.0	366840.0
1	3	1	366840.0	366840.0
2	3	1	366840.0	366840.0
0	5	6	123618.0	123618.0
1	5	6	123618.0	123618.0
2	5	6	123618.0	123618.0
0	5	7	269022.0	269022.0
1	5	7	269022.0	269022.0
2	5	7	269022.0	269022.0
0	8	9	222018.0	222018.0
1	8	9	222018.0	222018.0
2	8	9	222018.0	222018.0
0	10	9	243342.0	243342.0
1	10	9	243342.0	243342.0
2	10	9	243342.0	243342.0
0	10	11	184686.0	184686.0
1	10	11	184686.0	184686.0
2	10	11	184686.0	184686.00000000017
0	10	12	152172.0	152172.0
1	10	12	152172.0	152172.0
2	10	12	152172.0	152172.0
0	4	2	173874.0	173874.0
1	4	2	173874.0	173874.0
2	4	2	173874.0	173874.0
0	14	0	390030.0	390030.0
1	14	0	390030.0	390030.0
2	14	0	390030.0	390030.0
0	4	3	294450.0	294450.0
1	4	3	294450.0	294450.0
2	4	3	294450.0	294450.0
0	6	8	164874.0	164874.0
1	6	8	164874.0	164874.0
2	6	8	164874.0	164874.0
0	7	9	286422.0	286422.0
1	7	9	286422.0	286422.0
2	7	9	286422.0	286422.0
0	7	11	225888.0	225888.0
1	7	11	225888.0	225888.0
2	7	11	225888.0	225888.0
0	7	12	278640.0	278640.0
1	7	12	278640.0	278640.0
2	7	12	278640.0	278640.0
0	14	13	147372.0	147372.0
1	14	13	147372.0	147372.0
2	14	13	147372.0	147372.0
0	14	15	265920.0	265920.0
1	14	15	265920.0	265920.0
2	14	15	265920.0	265920.0
0	5	4	177372.0	177372.0
1	5	4	177372.0	177372.0
2	5	4	177372.0	177372.0
0	5	3	270768.0	270768.0
1	5	3	270768.0	270768.0
2	5	3	270768.0	270768.0
0	7	14	545874.0	545874.0
1	7	14	545874.0	545874.0
2	7	14	545874.0	545874.0
0	6	7	371514.0	371514.0
1	6	7	371514.0	371514.0
2	6	7	371514.0	371514.0
0	6	5	173958.0	173958.0
1	6	5	173958.0	173958.0
2	6	5	173958.0	173958.0
0	6	4	124818.0	124818.0
1	6	4	124818.0	124818.0
2	6	4	124818.0	124818.0
0	8	10	77100.0	77100.0
1	8	10	77100.0	77100.0
2	8	10	77100.0	77100.0
0	9	13	470532.0	470532.0
1	9	13	470532.0	470532.0
2	9	13	470532.0	470532.0
0	7	8	236508.0	236508.0
0	8	3	196284.0	196284.0
1	7	8	236508.0	236508.0
1	8	3	196284.0	196284.0
2	7	8	236508.0	236508.0
2	8	3	196284.0	196284.0
0	7	4	211728.0	211728.0
1	7	4	211728.0	211728.0
2	7	4	211728.0	211728.0
0	12	2	328740.0	328740.0
1	12	2	328740.0	328740.0
2	12	2	328740.0	328740.0
0	7	5	381144.0	381144.0
1	7	5	381144.0	381144.0
2	7	5	381144.0	381144.0
0	7	6	246120.0	246120.0
1	7	6	246120.0	246120.0
2	7	6	246120.0	246120.0
0	9	10	103290.0	103290.0
1	9	10	103290.0	103290.0
2	9	10	103290.0	103290.0
0	8	7	286494.0	286494.0
1	8	7	286494.0	286494.0
2	8	7	286494.0	286494.0
0	8	6	198450.0	198450.0
1	8	6	198450.0	198450.0
2	8	6	198450.0	198450.0
0	9	11	101640.0	101640.0
1	9	11	101640.0	101640.0
2	9	11	101640.0	101640.0
0	13	15	271776.0	271776.0
1	13	15	271776.0	271776.0
2	13	15	271776.0	271776.0
0	9	7	332562.0	332562.0
1	9	7	332562.0	332562.0
2	9	7	332562.0	332562.0
0	13	1	195168.0	195168.0
1	13	1	195168.0	195168.0
2	13	1	195168.0	195168.0
0	9	8	190044.0	190044.0
1	9	8	190044.0	190044.0
2	9	8	190044.0	190044.0
0	10	3	349224.0	349224.0
1	10	3	349224.0	349224.0
2	10	3	349224.0	349224.0
0	13	14	215124.0	215124.0
1	13	14	215124.0	215124.0
2	13	14	215124.0	215124.0
0	12	14	245142.0	245142.0
1	12	14	245142.0	245142.0
2	12	14	245142.0	245142.0
0	10	8	123024.0	123024.0
1	10	8	123024.0	123024.0
2	10	8	123024.0	123024.0
0	11	7	215934.0	215934.0
1	11	7	215934.0	215934.0
2	11	7	215934.0	215934.0
0	11	13	170070.0	170070.0
1	11	13	170070.0	170070.0
2	11	13	170070.0	170070.00000000017
0	11	12	194970.0	194970.0
1	11	12	194970.0	194970.0
2	11	12	194970.0	194970.0
0	11	10	166992.0	166992.0
1	11	10	166992.0	166992.0
2	11	10	166992.0	166992.0
0	11	9	54294.0	54294.0
1	11	9	54294.0	54294.0
2	11	9	54294.0	54294.0
0	15	0	75330.0	75330.0
1	15	0	75330.0	75330.0
2	15	0	75330.0	75330.0
0	15	1	160314.0	160314.0
1	15	1	160314.0	160314.0
2	15	1	160314.0	160314.0
