-----------------------------------------------------
-----     Resultados    -----
-----------------------------------------------------

Parametro Deficit (alfa): 1.0
Parametro Exceso (beta):  1.0
Parametro de probabilidades (epsilon): 0.0
CPU time: 0.13
p	q	g Estimada	g Exacta	g Referencia	Deficit	Exceso
0	1	416456.0	415344.0	415340.0	0.0	 	1116.0
0	2	265972.0	265968.0	265970.0	0.0	 	2.0
0	3	306240.0	306240.0	306240.0	0.0	 	0.0
0	4	480.0	480.0	480.0	0.0	 	0.0
0	5	82080.0	82080.0	82080.0	0.0	 	0.0
0	6	28128.0	28128.0	28128.0	0.0	 	0.0
0	7	342432.0	342432.0	342430.0	0.0	 	2.0
0	8	24792.0	27024.0	24785.0	0.0	 	7.0
0	9	117216.0	117216.0	117220.0	4.0	 	0.0
0	10	99456.0	99456.0	99456.0	0.0	 	0.0
0	11	5232.0	5232.0	5232.0	0.0	 	0.0
0	12	333888.0	333888.0	333890.0	2.0	 	0.0
0	13	195552.0	195552.0	195550.0	0.0	 	2.0
0	14	348580.0	348576.0	348580.0	0.0	 	0.0
0	15	49812.0	48576.0	48576.0	0.0	 	1236.0
0	16	37440.0	37440.0	37440.0	0.0	 	0.0
0	17	132768.0	132768.0	132770.0	2.0	 	0.0
0	18	93516.0	92400.0	92400.0	0.0	 	1116.0
1	0	321548.0	321264.0	321260.0	0.0	 	288.0
1	2	119416.0	114288.0	114290.0	0.0	 	5126.0
1	3	147928.0	142800.0	142800.0	0.0	 	5128.0
1	4	17180.0	17184.0	16003.0	-0.0	 	1177.0
1	5	178336.0	188592.0	178330.0	0.0	 	6.0
1	6	116348.0	114528.0	104820.0	0.0	 	11528.0
1	7	312192.0	312192.0	312190.0	0.0	 	2.0
1	8	64156.0	63120.0	57799.0	-0.0	 	6357.0
1	9	247400.0	247392.0	247390.0	0.0	 	10.0
1	10	197536.0	197376.0	197380.0	0.0	 	156.0
1	11	8736.0	8736.0	8736.0	0.0	 	0.0
1	12	243312.0	243312.0	243310.0	0.0	 	2.0
1	13	177120.0	177120.0	177120.0	0.0	 	0.0
1	14	163824.0	163824.0	163820.0	0.0	 	4.0
1	15	260176.0	260736.0	257080.0	0.0	 	3096.0
1	16	363408.0	363408.0	363410.0	2.0	 	0.0
1	17	254540.0	254544.0	254540.0	0.0	 	0.0
1	18	94668.0	96096.0	94667.0	-0.0	 	1.0
2	0	125700.0	124752.0	124750.0	0.0	 	950.0
2	1	106420.0	106416.0	106420.0	0.0	 	0.0
2	3	85196.0	83376.0	83376.0	0.0	 	1820.0
2	4	29088.0	29088.0	28501.0	-0.0	 	587.0
2	5	345120.0	338928.0	338930.0	0.0	 	6190.0
2	6	178088.0	181728.0	163600.0	0.0	 	14488.0
2	7	233864.0	233856.0	233860.0	0.0	 	4.0
2	8	307584.0	307584.0	307580.0	0.0	 	4.0
2	9	359900.0	359904.0	359900.0	0.0	 	0.0
2	10	19908.0	18096.0	18096.0	0.0	 	1812.0
2	11	209472.0	209472.0	209470.0	0.0	 	2.0
2	12	21344.0	23472.0	21341.0	-0.0	 	3.0
2	13	116544.0	116544.0	116540.0	0.0	 	4.0
2	14	280800.0	280800.0	280800.0	0.0	 	0.0
2	15	400952.0	402864.0	388020.0	0.0	 	12932.0
2	16	79296.0	79296.0	79296.0	0.0	 	0.0
2	17	378956.0	378960.0	378960.0	4.0	 	0.0
2	18	186192.0	186192.0	186190.0	0.0	 	2.0
3	0	54720.0	54720.0	54720.0	0.0	 	0.0
3	1	150952.0	150720.0	150720.0	0.0	 	232.0
3	2	377180.0	377184.0	377180.0	0.0	 	0.0
3	4	94360.0	94128.0	94128.0	0.0	 	232.0
3	5	78404.0	75984.0	75984.0	0.0	 	2420.0
3	6	129496.0	127680.0	127680.0	0.0	 	1816.0
3	7	8696.0	9168.0	8474.0	0.0	 	222.0
3	8	56496.0	56496.0	56496.0	0.0	 	0.0
3	9	192104.0	192096.0	192100.0	0.0	 	4.0
3	10	445392.0	445392.0	445390.0	0.0	 	2.0
3	11	146396.0	146400.0	132520.0	0.0	 	13876.0
3	12	190272.0	190272.0	190270.0	0.0	 	2.0
3	13	77560.0	72144.0	72144.0	0.0	 	5416.0
3	14	222864.0	222864.0	222860.0	0.0	 	4.0
3	15	170744.0	170736.0	170740.0	0.0	 	4.0
3	16	366644.0	363888.0	363890.0	0.0	 	2754.0
3	17	120824.0	120816.0	120820.0	0.0	 	4.0
3	18	314784.0	314784.0	314780.0	0.0	 	4.0
4	0	436664.0	436656.0	436660.0	0.0	 	4.0
4	1	397200.0	399216.0	377840.0	0.0	 	19360.0
4	2	1384.0	1248.0	1248.0	0.0	 	136.0
4	3	407520.0	407520.0	407520.0	0.0	 	0.0
4	5	17452.0	17808.0	17449.0	0.0	 	3.0
4	6	109596.0	107184.0	107180.0	0.0	 	2416.0
4	7	25284.0	25056.0	25056.0	0.0	 	228.0
4	8	336144.0	336144.0	336140.0	0.0	 	4.0
4	9	331820.0	331824.0	331820.0	0.0	 	0.0
4	10	352512.0	352512.0	352510.0	0.0	 	2.0
4	11	226992.0	226992.0	226990.0	0.0	 	2.0
4	12	277784.0	277776.0	277780.0	0.0	 	4.0
4	13	291580.0	288816.0	286730.0	0.0	 	4850.0
4	14	45384.0	50208.0	45377.0	0.0	 	7.0
4	15	218540.0	218544.0	218540.0	0.0	 	0.0
4	16	172656.0	172656.0	172660.0	4.0	 	0.0
4	17	422304.0	422304.0	422300.0	0.0	 	4.0
4	18	80256.0	76224.0	76224.0	0.0	 	4032.0
5	0	159944.0	159936.0	159940.0	0.0	 	4.0
5	1	396240.0	396240.0	396240.0	0.0	 	0.0
5	2	108384.0	108384.0	108380.0	0.0	 	4.0
5	3	386648.0	382320.0	382320.0	0.0	 	4328.0
5	4	166752.0	166752.0	166750.0	0.0	 	2.0
5	6	170876.0	165408.0	165410.0	0.0	 	5466.0
5	7	266744.0	264672.0	264670.0	0.0	 	2074.0
5	8	394276.0	392208.0	392210.0	0.0	 	2066.0
5	9	350208.0	350208.0	350210.0	2.0	 	0.0
5	10	315528.0	319680.0	292780.0	0.0	 	22748.0
5	11	307064.0	307056.0	307060.0	0.0	 	4.0
5	12	189892.0	188832.0	188830.0	0.0	 	1062.0
5	13	411324.0	416976.0	376670.0	0.0	 	34654.0
5	14	261652.0	259056.0	259060.0	0.0	 	2592.0
5	15	354624.0	354624.0	354620.0	0.0	 	4.0
5	16	209576.0	220512.0	209570.0	0.0	 	6.0
5	17	297120.0	297120.0	297120.0	0.0	 	0.0
5	18	177704.0	177696.0	177700.0	0.0	 	4.0
6	0	244216.0	244224.0	244220.0	4.0	 	0.0
6	1	111072.0	111072.0	111070.0	0.0	 	2.0
6	2	325568.0	325584.0	319400.0	0.0	 	6168.0
6	3	275812.0	275808.0	275810.0	0.0	 	2.0
6	4	14352.0	14352.0	14352.0	0.0	 	0.0
6	5	233912.0	233904.0	219040.0	0.0	 	14872.0
6	7	53424.0	53424.0	53424.0	0.0	 	0.0
6	8	245756.0	245760.0	237110.0	0.0	 	8646.0
6	9	165932.0	165936.0	165940.0	8.0	 	0.0
6	10	280704.0	280704.0	280700.0	0.0	 	4.0
6	11	121008.0	121008.0	121010.0	2.0	 	0.0
6	12	87024.0	87024.0	87024.0	0.0	 	0.0
6	13	328080.0	328080.0	328080.0	0.0	 	0.0
6	14	114868.0	112272.0	112270.0	0.0	 	2598.0
6	15	411408.0	411408.0	411410.0	2.0	 	0.0
6	16	452060.0	446592.0	446590.0	0.0	 	5470.0
6	17	289152.0	289152.0	289150.0	0.0	 	2.0
6	18	116744.0	116736.0	116740.0	0.0	 	4.0
7	0	283584.0	283584.0	283580.0	0.0	 	4.0
7	1	107636.0	107328.0	107330.0	0.0	 	306.0
7	2	9120.0	9120.0	9120.0	0.0	 	0.0
7	3	79200.0	79200.0	79200.0	0.0	 	0.0
7	4	77852.0	77856.0	73720.0	0.0	 	4132.0
7	5	104932.0	104928.0	104930.0	0.0	 	2.0
7	6	60664.0	60480.0	60480.0	0.0	 	184.0
7	8	141960.0	141648.0	141650.0	0.0	 	310.0
7	9	104060.0	104064.0	95863.0	-0.0	 	8197.0
7	10	179140.0	179136.0	179140.0	0.0	 	0.0
7	11	41804.0	41808.0	41808.0	4.0	 	0.0
7	12	97248.0	97248.0	97248.0	0.0	 	0.0
7	13	47784.0	47424.0	47424.0	0.0	 	360.0
7	14	13504.0	13872.0	13499.0	-0.0	 	5.0
7	15	188688.0	188688.0	188690.0	2.0	 	0.0
7	16	405552.0	405552.0	405550.0	0.0	 	2.0
7	17	330000.0	330000.0	330000.0	0.0	 	0.0
7	18	60000.0	60624.0	59998.0	0.0	 	2.0
8	0	401664.0	401664.0	401660.0	0.0	 	4.0
8	1	263232.0	263232.0	263230.0	0.0	 	2.0
8	2	66576.0	66576.0	66576.0	0.0	 	0.0
8	3	232848.0	232848.0	232850.0	2.0	 	0.0
8	4	376424.0	376416.0	376420.0	0.0	 	4.0
8	5	4992.0	4992.0	4992.0	0.0	 	0.0
8	6	215328.0	215328.0	215330.0	2.0	 	0.0
8	7	251312.0	249648.0	249650.0	0.0	 	1662.0
8	9	280416.0	280416.0	280420.0	4.0	 	0.0
8	10	328300.0	326304.0	326300.0	0.0	 	2000.0
8	11	364316.0	364320.0	357060.0	0.0	 	7256.0
8	12	343432.0	343440.0	343440.0	8.0	 	0.0
8	13	147984.0	147984.0	147980.0	0.0	 	4.0
8	14	32784.0	32784.0	32784.0	0.0	 	0.0
8	15	165320.0	165024.0	165020.0	0.0	 	300.0
8	16	431664.0	431664.0	431660.0	0.0	 	4.0
8	17	166896.0	166896.0	166900.0	4.0	 	0.0
8	18	296696.0	296688.0	296690.0	0.0	 	6.0
9	0	392304.0	392304.0	392300.0	0.0	 	4.0
9	1	190368.0	190368.0	190370.0	2.0	 	0.0
9	2	140924.0	126960.0	126960.0	0.0	 	13964.0
9	3	49728.0	49728.0	49728.0	0.0	 	0.0
9	4	360944.0	358800.0	350470.0	0.0	 	10474.0
9	5	358128.0	358128.0	358130.0	2.0	 	0.0
9	6	96816.0	96816.0	96816.0	0.0	 	0.0
9	7	67728.0	67728.0	67728.0	0.0	 	0.0
9	8	315888.0	315888.0	315890.0	2.0	 	0.0
9	10	335328.0	335328.0	335330.0	2.0	 	0.0
9	11	161808.0	161808.0	161810.0	2.0	 	0.0
9	12	241300.0	241296.0	241300.0	0.0	 	0.0
9	13	93552.0	93552.0	93552.0	0.0	 	0.0
9	14	59520.0	59520.0	59520.0	0.0	 	0.0
9	15	396768.0	396768.0	396770.0	2.0	 	0.0
9	16	317184.0	317184.0	317180.0	0.0	 	4.0
9	17	450480.0	450480.0	450480.0	0.0	 	0.0
9	18	303648.0	303648.0	303650.0	2.0	 	0.0
10	0	28032.0	28032.0	28032.0	0.0	 	0.0
10	1	286848.0	286848.0	286850.0	2.0	 	0.0
10	2	273088.0	289200.0	264510.0	0.0	 	8578.0
10	3	61872.0	61872.0	61872.0	0.0	 	0.0
10	4	404112.0	404112.0	404110.0	0.0	 	2.0
10	5	336192.0	336192.0	336190.0	0.0	 	2.0
10	6	109824.0	109824.0	109820.0	0.0	 	4.0
10	7	200112.0	200112.0	200110.0	0.0	 	2.0
10	8	3024.0	3024.0	3024.0	0.0	 	0.0
10	9	436592.0	420480.0	420480.0	0.0	 	16112.0
10	11	150432.0	150432.0	150430.0	0.0	 	2.0
10	12	170688.0	170688.0	170690.0	2.0	 	0.0
10	13	401280.0	400320.0	400320.0	0.0	 	960.0
10	14	158448.0	158448.0	158450.0	2.0	 	0.0
10	15	184608.0	184608.0	184610.0	2.0	 	0.0
10	16	420492.0	421632.0	413340.0	0.0	 	7152.0
10	17	153600.0	153600.0	153600.0	0.0	 	0.0
10	18	206160.0	206160.0	206160.0	0.0	 	0.0
11	0	326932.0	326928.0	326930.0	0.0	 	2.0
11	1	338208.0	338208.0	338210.0	2.0	 	0.0
11	2	453500.0	453504.0	453500.0	0.0	 	0.0
11	3	82320.0	82320.0	82320.0	0.0	 	0.0
11	4	214320.0	214320.0	214320.0	0.0	 	0.0
11	5	10032.0	10032.0	10032.0	0.0	 	0.0
11	6	26784.0	26784.0	26784.0	0.0	 	0.0
11	7	6924.0	6912.0	6912.0	0.0	 	12.0
11	8	161660.0	161664.0	161660.0	0.0	 	0.0
11	9	2208.0	2208.0	2208.0	0.0	 	0.0
11	10	7344.0	7344.0	7344.0	0.0	 	0.0
11	12	383860.0	383856.0	383860.0	0.0	 	0.0
11	13	328324.0	328320.0	328320.0	0.0	 	4.0
11	14	273792.0	273792.0	273790.0	0.0	 	2.0
11	15	225544.0	225552.0	225550.0	6.0	 	0.0
11	16	274272.0	274272.0	274270.0	0.0	 	2.0
11	17	407280.0	407280.0	407280.0	0.0	 	0.0
11	18	108960.0	108960.0	108960.0	0.0	 	0.0
12	0	23472.0	23472.0	23472.0	0.0	 	0.0
12	1	347952.0	347952.0	347950.0	0.0	 	2.0
12	2	72096.0	72096.0	72096.0	0.0	 	0.0
12	3	271248.0	271248.0	271250.0	2.0	 	0.0
12	4	27744.0	27744.0	27744.0	0.0	 	0.0
12	5	42048.0	42048.0	42048.0	0.0	 	0.0
12	6	10032.0	10032.0	10032.0	0.0	 	0.0
12	7	255700.0	255696.0	255700.0	0.0	 	0.0
12	8	264720.0	264720.0	264720.0	0.0	 	0.0
12	9	87264.0	87264.0	87264.0	0.0	 	0.0
12	10	226512.0	226512.0	226510.0	0.0	 	2.0
12	11	189120.0	189120.0	177580.0	0.0	 	11540.0
12	13	59520.0	59520.0	59520.0	0.0	 	0.0
12	14	435312.0	435312.0	435310.0	0.0	 	2.0
12	15	435460.0	435456.0	435460.0	0.0	 	0.0
12	16	331152.0	331152.0	331150.0	0.0	 	2.0
12	17	28224.0	28224.0	28224.0	0.0	 	0.0
12	18	393168.0	393168.0	393170.0	2.0	 	0.0
13	0	358464.0	358464.0	358460.0	0.0	 	4.0
13	1	405460.0	405456.0	405460.0	0.0	 	0.0
13	2	86592.0	86592.0	86592.0	0.0	 	0.0
13	3	348832.0	346560.0	346560.0	0.0	 	2272.0
13	4	141600.0	141600.0	141600.0	0.0	 	0.0
13	5	78432.0	78432.0	78432.0	0.0	 	0.0
13	6	330384.0	330384.0	330380.0	0.0	 	4.0
13	7	183312.0	183312.0	183310.0	0.0	 	2.0
13	8	252816.0	252816.0	252820.0	4.0	 	0.0
13	9	220368.0	220368.0	220370.0	2.0	 	0.0
13	10	286696.0	285120.0	285120.0	0.0	 	1576.0
13	11	342240.0	342240.0	342240.0	0.0	 	0.0
13	12	148028.0	148032.0	148030.0	2.0	 	0.0
13	14	77548.0	74448.0	74448.0	0.0	 	3100.0
13	15	317360.0	314256.0	314260.0	0.0	 	3100.0
13	16	288052.0	288048.0	288050.0	0.0	 	2.0
13	17	334120.0	340320.0	330570.0	0.0	 	3550.0
13	18	59568.0	59568.0	59568.0	0.0	 	0.0
14	0	406700.0	406704.0	406700.0	0.0	 	0.0
14	1	319208.0	319200.0	319200.0	0.0	 	8.0
14	2	77520.0	77520.0	77520.0	0.0	 	0.0
14	3	363312.0	363312.0	363310.0	0.0	 	2.0
14	4	101280.0	101280.0	101280.0	0.0	 	0.0
14	5	406928.0	405792.0	405790.0	0.0	 	1138.0
14	6	96040.0	90096.0	90096.0	0.0	 	5944.0
14	7	426264.0	426288.0	401670.0	0.0	 	24594.0
14	8	105032.0	105024.0	105020.0	0.0	 	12.0
14	9	200928.0	200928.0	200930.0	2.0	 	0.0
14	10	242688.0	242688.0	242690.0	2.0	 	0.0
14	11	316612.0	316608.0	297140.0	0.0	 	19472.0
14	12	108640.0	108624.0	108620.0	0.0	 	20.0
14	13	14736.0	14736.0	14478.0	0.0	 	258.0
14	15	446928.0	446928.0	446930.0	2.0	 	0.0
14	16	150528.0	150528.0	150530.0	2.0	 	0.0
14	17	280920.0	277824.0	277820.0	0.0	 	3100.0
14	18	315888.0	315888.0	315890.0	2.0	 	0.0
15	0	123024.0	123024.0	123020.0	0.0	 	4.0
15	1	213168.0	213744.0	195250.0	0.0	 	17918.0
15	2	353424.0	353424.0	353420.0	0.0	 	4.0
15	3	328272.0	328272.0	328270.0	0.0	 	2.0
15	4	160136.0	160128.0	160130.0	0.0	 	6.0
15	5	34176.0	34176.0	34176.0	0.0	 	0.0
15	6	438664.0	450576.0	423370.0	0.0	 	15294.0
15	7	262660.0	262656.0	262660.0	0.0	 	0.0
15	8	162384.0	162096.0	162100.0	0.0	 	284.0
15	9	268944.0	268944.0	268940.0	0.0	 	4.0
15	10	150480.0	150480.0	150480.0	0.0	 	0.0
15	11	407280.0	407280.0	407280.0	0.0	 	0.0
15	12	453120.0	453120.0	453120.0	0.0	 	0.0
15	13	434160.0	434160.0	434160.0	0.0	 	0.0
15	14	60044.0	54096.0	54096.0	0.0	 	5948.0
15	16	223156.0	217200.0	208520.0	0.0	 	14636.0
15	17	291052.0	287664.0	262210.0	0.0	 	28842.0
15	18	445440.0	445440.0	445440.0	0.0	 	0.0
16	0	414720.0	414720.0	414720.0	0.0	 	0.0
16	1	162960.0	162960.0	162960.0	0.0	 	0.0
16	2	116256.0	116256.0	115580.0	0.0	 	676.0
16	3	69904.0	71040.0	65566.0	0.0	 	4338.0
16	4	407280.0	407280.0	407280.0	0.0	 	0.0
16	5	23648.0	25920.0	23647.0	-0.0	 	1.0
16	6	218360.0	212400.0	212400.0	0.0	 	5960.0
16	7	53760.0	53760.0	53760.0	0.0	 	0.0
16	8	37000.0	37008.0	36793.0	0.0	 	207.0
16	9	374160.0	374160.0	374160.0	0.0	 	0.0
16	10	94760.0	96336.0	94760.0	0.0	 	0.0
16	11	269424.0	269424.0	269420.0	0.0	 	4.0
16	12	196792.0	196800.0	180200.0	0.0	 	16592.0
16	13	315220.0	315216.0	315220.0	0.0	 	0.0
16	14	351828.0	350688.0	350690.0	0.0	 	1138.0
16	15	415488.0	415488.0	403760.0	0.0	 	11728.0
16	17	58800.0	58800.0	57215.0	-0.0	 	1585.0
16	18	282532.0	282528.0	282530.0	0.0	 	2.0
17	0	257564.0	257568.0	257230.0	0.0	 	334.0
17	1	131132.0	130848.0	130850.0	0.0	 	282.0
17	2	113184.0	113184.0	113180.0	0.0	 	4.0
17	3	45360.0	45360.0	45360.0	0.0	 	0.0
17	4	258624.0	258624.0	258620.0	0.0	 	4.0
17	5	411072.0	411072.0	393090.0	0.0	 	17982.0
17	6	107232.0	107232.0	107230.0	0.0	 	2.0
17	7	576.0	576.0	576.0	0.0	 	0.0
17	8	38496.0	38496.0	38496.0	0.0	 	0.0
17	9	149712.0	149712.0	149710.0	0.0	 	2.0
17	10	303360.0	303360.0	303360.0	0.0	 	0.0
17	11	62120.0	62112.0	62112.0	0.0	 	8.0
17	12	407808.0	407808.0	407810.0	2.0	 	0.0
17	13	60000.0	60000.0	60000.0	0.0	 	0.0
17	14	88992.0	88992.0	88992.0	0.0	 	0.0
17	15	150720.0	150720.0	150720.0	0.0	 	0.0
17	16	155424.0	155424.0	155420.0	0.0	 	4.0
17	18	214848.0	214848.0	214850.0	2.0	 	0.0
18	0	358180.0	358176.0	358180.0	0.0	 	0.0
18	1	19712.0	17760.0	17760.0	0.0	 	1952.0
18	2	14880.0	14880.0	14880.0	0.0	 	0.0
18	3	328896.0	328896.0	328900.0	4.0	 	0.0
18	4	437520.0	437520.0	437520.0	0.0	 	0.0
18	5	244800.0	244800.0	244800.0	0.0	 	0.0
18	6	416832.0	416832.0	416830.0	0.0	 	2.0
18	7	241616.0	244944.0	241610.0	0.0	 	6.0
18	8	226800.0	224304.0	224300.0	0.0	 	2500.0
18	9	30528.0	30528.0	30528.0	0.0	 	0.0
18	10	272304.0	272304.0	272300.0	0.0	 	4.0
18	11	274272.0	274272.0	274270.0	0.0	 	2.0
18	12	92600.0	91536.0	91536.0	0.0	 	1064.0
18	13	141360.0	141360.0	141360.0	0.0	 	0.0
18	14	426664.0	426672.0	426670.0	6.0	 	0.0
18	15	40444.0	39504.0	36437.0	-0.0	 	4007.0
18	16	211872.0	211872.0	211870.0	0.0	 	2.0
18	17	336388.0	336384.0	336380.0	0.0	 	8.0

l	i	j	v Observado	v Estimado
0	0	1	235770.0	235770.0
1	0	1	235770.0	235770.0
2	0	1	235770.0	235770.0
3	0	1	235770.0	235770.0
0	0	2	190188.0	190188.0
1	0	2	190188.0	190188.0
2	0	2	190188.0	190188.0
3	0	2	190188.0	190188.0
0	0	3	240630.0	240630.0
1	0	3	240630.0	240630.0
2	0	3	240630.0	240630.0
3	0	3	240630.0	240630.0
0	1	4	122298.0	122298.0
1	1	4	122298.0	122298.0
2	1	4	122298.0	122298.0
3	1	4	122298.0	122298.0
0	2	4	181230.0	181230.0
1	2	4	181230.0	181230.0
2	2	4	181230.0	181230.0
3	2	4	181230.0	181230.0
0	2	5	240216.0	240216.0
1	2	5	240216.0	240216.0
2	2	5	240216.0	240216.0
3	2	5	240216.0	240216.0
0	3	5	144336.0	144336.0
1	3	5	144336.0	144336.0
2	3	5	144336.0	144336.0
3	3	5	144336.0	144336.0
0	1	6	54864.0	54864.0
1	1	6	54864.0	54864.0
2	1	6	54864.0	54864.0
3	1	6	54864.0	54864.0
0	0	17	87618.0	87618.0
0	17	6	184926.0	184926.0
1	0	17	87618.0	87618.0
1	17	6	184926.0	184926.0
2	0	17	87618.0	87618.0
2	17	6	184926.0	184926.0
3	0	17	87618.0	87618.0
3	17	6	184926.0	184926.0
0	1	7	273546.0	273546.0
1	1	7	273546.0	273546.0
2	1	7	273546.0	273546.0
3	1	7	273546.0	273546.0
0	0	11	281916.0	281916.0
0	11	7	147522.0	147522.0
1	0	11	281916.0	281916.0
1	11	7	147522.0	147522.0
2	0	11	281916.0	281916.0
2	11	7	147522.0	147522.0
3	0	11	281916.0	281916.0
3	11	7	147522.0	147522.0
0	1	8	94152.0	94152.0
1	1	8	94152.0	94152.0
2	1	8	94152.0	94152.0
3	1	8	94152.0	94152.0
0	0	18	68214.0	68214.0
0	18	8	242772.0	242772.0
1	0	18	68214.0	68214.0
1	18	8	242772.0	242772.0
2	0	18	68214.0	68214.0
2	18	8	242772.0	242772.0
3	0	18	68214.0	68214.0
3	18	8	242772.0	242772.0
0	11	9	45342.0	45342.0
1	11	9	45342.0	45342.0
2	11	9	45342.0	45342.0
3	11	9	45342.0	45342.0
0	0	14	238566.0	238566.0
0	14	9	204192.0	204192.0
1	0	14	238566.0	238566.0
1	14	9	204192.0	204192.0
2	0	14	238566.0	238566.0
2	14	9	204192.0	204192.0
3	0	14	238566.0	238566.0
3	14	9	204192.0	204192.0
0	11	10	26700.0	26700.0
1	11	10	26700.0	26700.0
2	11	10	26700.0	26700.0
3	11	10	26700.0	26700.0
0	18	12	186798.0	186798.0
1	18	12	186798.0	186798.0
2	18	12	186798.0	186798.0
3	18	12	186798.0	186798.0
0	11	12	180768.0	180768.0
1	11	12	180768.0	180768.0
2	11	12	180768.0	180768.0
3	11	12	180768.0	180768.0
0	0	16	123510.0	123510.0
0	16	13	374136.0	374136.0
1	0	16	123510.0	123510.0
1	16	13	374136.0	374136.0
2	0	16	123510.0	123510.0
2	16	13	374136.0	374136.0
3	0	16	123510.0	123510.0
3	16	13	374136.0	374136.0
0	11	13	181950.0	181950.0
1	11	13	181950.0	181950.0
2	11	13	181950.0	181950.0
3	11	13	181950.0	181950.0
0	0	15	171072.0	171072.0
1	0	15	171072.0	171072.0
2	0	15	171072.0	171072.0
3	0	15	171072.0	171072.0
0	1	0	340368.0	340368.0
1	1	0	340368.0	340368.0
2	1	0	340368.0	340368.0
3	1	0	340368.0	340368.0
0	1	2	105894.0	105894.0
1	1	2	105894.0	105894.0
2	1	2	105894.0	105894.0
3	1	2	105894.0	105894.0
0	1	3	59274.0	59274.0
1	1	3	59274.0	59274.0
2	1	3	59274.0	59274.0
3	1	3	59274.0	59274.0
0	4	9	344082.0	344082.0
1	4	9	344082.0	344082.0
2	4	9	344082.0	344082.0
3	4	9	344082.0	344082.0
0	7	9	56940.0	56940.0
1	7	9	56940.0	56940.0
2	7	9	56940.0	56940.0
3	7	9	56940.0	56940.0
0	7	10	310368.0	310368.0
1	7	10	310368.0	310368.0
2	7	10	310368.0	310368.0
3	7	10	310368.0	310368.0
0	8	10	233832.0	233832.0
1	8	10	233832.0	233832.0
2	8	10	233832.0	233832.0
3	8	10	233832.0	233832.0
0	7	11	128874.0	128874.0
1	7	11	128874.0	128874.0
2	7	11	128874.0	128874.0
3	7	11	128874.0	128874.0
0	1	18	158076.0	158076.0
1	1	18	158076.0	158076.0
2	1	18	158076.0	158076.0
3	1	18	158076.0	158076.0
0	7	12	190428.0	190428.0
1	7	12	190428.0	190428.0
2	7	12	190428.0	190428.0
3	7	12	190428.0	190428.0
0	1	17	161328.0	161328.0
0	17	14	173922.0	173922.0
1	1	17	161328.0	161328.0
1	17	14	173922.0	173922.0
2	1	17	161328.0	161328.0
2	17	14	173922.0	173922.0
3	1	17	161328.0	161328.0
3	17	14	173922.0	173922.0
0	18	15	151752.0	151752.0
1	18	15	151752.0	151752.0
2	18	15	151752.0	151752.0
3	18	15	151752.0	151752.0
0	2	16	101400.0	101400.0
1	2	16	101400.0	101400.0
2	2	16	101400.0	101400.0
3	2	16	101400.0	101400.0
0	2	0	243588.0	243588.0
1	2	0	243588.0	243588.0
2	2	0	243588.0	243588.0
3	2	0	243588.0	243588.0
0	2	1	121524.0	121524.0
1	2	1	121524.0	121524.0
2	2	1	121524.0	121524.0
3	2	1	121524.0	121524.0
0	2	3	43560.0	43560.0
1	2	3	43560.0	43560.0
2	2	3	43560.0	43560.0
3	2	3	43560.0	43560.0
0	3	6	78648.0	78648.0
1	3	6	78648.0	78648.0
2	3	6	78648.0	78648.0
3	3	6	78648.0	78648.0
0	4	7	255150.0	255150.0
1	4	7	255150.0	255150.0
2	4	7	255150.0	255150.0
3	4	7	255150.0	255150.0
0	5	8	286134.0	286134.0
1	5	8	286134.0	286134.0
2	5	8	286134.0	286134.0
3	5	8	286134.0	286134.0
0	5	12	187638.0	187638.0
1	5	12	187638.0	187638.0
2	5	12	187638.0	187638.0
3	5	12	187638.0	187638.0
0	2	18	170928.0	170928.0
1	2	18	170928.0	170928.0
2	2	18	170928.0	170928.0
3	2	18	170928.0	170928.0
0	5	13	309798.0	309798.0
1	5	13	309798.0	309798.0
2	5	13	309798.0	309798.0
3	5	13	309798.0	309798.0
0	5	14	135732.0	135732.0
1	5	14	135732.0	135732.0
2	5	14	135732.0	135732.0
3	5	14	135732.0	135732.0
0	2	17	199770.0	199770.0
1	2	17	199770.0	199770.0
2	2	17	199770.0	199770.0
3	2	17	199770.0	199770.0
0	3	0	259218.0	259218.0
1	3	0	259218.0	259218.0
2	3	0	259218.0	259218.0
3	3	0	259218.0	259218.0
0	3	1	100338.0	100338.0
1	3	1	100338.0	100338.0
2	3	1	100338.0	100338.0
3	3	1	100338.0	100338.0
0	3	2	148746.0	148746.0
1	3	2	148746.0	148746.0
2	3	2	148746.0	148746.0
3	3	2	148746.0	148746.0
0	3	4	210948.0	210948.0
1	3	4	210948.0	210948.0
2	3	4	210948.0	210948.0
3	3	4	210948.0	210948.0
0	6	9	174756.0	174756.0
1	6	9	174756.0	174756.0
2	6	9	174756.0	174756.0
3	6	9	174756.0	174756.0
0	3	16	170478.0	170478.0
1	3	16	170478.0	170478.0
2	3	16	170478.0	170478.0
3	3	16	170478.0	170478.0
0	16	15	201240.0	201240.0
1	16	15	201240.0	201240.0
2	16	15	201240.0	201240.0
3	16	15	201240.0	201240.0
0	4	3	238896.0	238896.0
1	4	3	238896.0	238896.0
2	4	3	238896.0	238896.0
3	4	3	238896.0	238896.0
0	4	2	284670.0	284670.0
1	4	2	284670.0	284670.0
2	4	2	284670.0	284670.0
3	4	2	284670.0	284670.0
0	4	1	158862.0	158862.0
1	4	1	158862.0	158862.0
2	4	1	158862.0	158862.0
3	4	1	158862.0	158862.0
0	4	5	159672.0	159672.0
1	4	5	159672.0	159672.0
2	4	5	159672.0	159672.0
3	4	5	159672.0	159672.0
0	4	6	127878.0	127878.0
1	4	6	127878.0	127878.0
2	4	6	127878.0	127878.0
3	4	6	127878.0	127878.0
0	6	8	186018.0	186018.0
1	6	8	186018.0	186018.0
2	6	8	186018.0	186018.0
3	6	8	186018.0	186018.0
0	9	10	139590.0	139590.0
1	9	10	139590.0	139590.0
2	9	10	139590.0	139590.0
3	9	10	139590.0	139590.0
0	9	11	129558.0	129558.0
1	9	11	129558.0	129558.0
2	9	11	129558.0	129558.0
3	9	11	129558.0	129558.0
0	6	14	40176.0	40176.0
1	6	14	40176.0	40176.0
2	6	14	40176.0	40176.0
3	6	14	40176.0	40176.0
0	6	17	370464.0	370464.0
1	6	17	370464.0	370464.0
2	6	17	370464.0	370464.0
3	6	17	370464.0	370464.0
0	5	3	293274.0	293274.0
1	5	3	293274.0	293274.0
2	5	3	293274.0	293274.0
3	5	3	293274.0	293274.0
0	5	2	176436.0	176436.0
1	5	2	176436.0	176436.0
2	5	2	176436.0	176436.0
3	5	2	176436.0	176436.0
0	5	4	170394.0	170394.0
1	5	4	170394.0	170394.0
2	5	4	170394.0	170394.0
3	5	4	170394.0	170394.0
0	5	6	199362.0	199362.0
0	6	1	122418.0	122418.0
1	5	6	199362.0	199362.0
1	6	1	122418.0	122418.0
2	5	6	199362.0	199362.0
2	6	1	122418.0	122418.0
3	5	6	199362.0	199362.0
3	6	1	122418.0	122418.0
0	5	7	144510.0	144510.0
1	5	7	144510.0	144510.0
2	5	7	144510.0	144510.0
3	5	7	144510.0	144510.0
0	8	11	229080.0	229080.0
1	8	11	229080.0	229080.0
2	8	11	229080.0	229080.0
3	8	11	229080.0	229080.0
0	13	15	224148.0	224148.0
1	13	15	224148.0	224148.0
2	13	15	224148.0	224148.0
3	13	15	224148.0	224148.0
0	12	15	304758.0	304758.0
1	12	15	304758.0	304758.0
2	12	15	304758.0	304758.0
3	12	15	304758.0	304758.0
0	6	16	426642.0	426642.0
1	6	16	426642.0	426642.0
2	6	16	426642.0	426642.0
3	6	16	426642.0	426642.0
0	8	18	291114.0	291114.0
1	8	18	291114.0	291114.0
2	8	18	291114.0	291114.0
3	8	18	291114.0	291114.0
0	6	3	160170.0	160170.0
1	6	3	160170.0	160170.0
2	6	3	160170.0	160170.0
3	6	3	160170.0	160170.0
0	6	5	202446.0	202446.0
1	6	5	202446.0	202446.0
2	6	5	202446.0	202446.0
3	6	5	202446.0	202446.0
0	6	4	180216.0	180216.0
1	6	4	180216.0	180216.0
2	6	4	180216.0	180216.0
3	6	4	180216.0	180216.0
0	6	7	87960.0	87960.0
1	6	7	87960.0	87960.0
2	6	7	87960.0	87960.0
3	6	7	87960.0	87960.0
0	17	15	147582.0	147582.0
1	17	15	147582.0	147582.0
2	17	15	147582.0	147582.0
3	17	15	147582.0	147582.0
0	7	1	315618.0	315618.0
1	7	1	315618.0	315618.0
2	7	1	315618.0	315618.0
3	7	1	315618.0	315618.0
0	11	0	498318.0	498318.0
1	11	0	498318.0	498318.0
2	11	0	498318.0	498318.0
3	11	0	498318.0	498318.0
0	7	5	89700.0	89700.0
1	7	5	89700.0	89700.0
2	7	5	89700.0	89700.0
3	7	5	89700.0	89700.0
0	7	4	148428.0	148428.0
1	7	4	148428.0	148428.0
2	7	4	148428.0	148428.0
3	7	4	148428.0	148428.0
0	7	6	169392.0	169392.0
1	7	6	169392.0	169392.0
2	7	6	169392.0	169392.0
3	7	6	169392.0	169392.0
0	7	8	42990.0	42990.0
1	7	8	42990.0	42990.0
2	7	8	42990.0	42990.0
3	7	8	42990.0	42990.0
0	10	13	264684.0	264684.0
1	10	13	264684.0	264684.0
2	10	13	264684.0	264684.0
3	10	13	264684.0	264684.0
0	8	1	247128.0	247128.0
1	8	1	247128.0	247128.0
2	8	1	247128.0	247128.0
3	8	1	247128.0	247128.0
0	8	5	174564.0	174564.0
1	8	5	174564.0	174564.0
2	8	5	174564.0	174564.0
3	8	5	174564.0	174564.0
0	8	6	178932.0	178932.0
1	8	6	178932.0	178932.0
2	8	6	178932.0	178932.0
3	8	6	178932.0	178932.0
0	8	7	183012.0	183012.0
1	8	7	183012.0	183012.0
2	8	7	183012.0	183012.0
3	8	7	183012.0	183012.0
0	8	9	168000.0	168000.0
0	9	4	340440.0	340440.0
1	8	9	168000.0	168000.0
1	9	4	340440.0	340440.0
2	8	9	168000.0	168000.0
2	9	4	340440.0	340440.0
3	8	9	168000.0	168000.0
3	9	4	340440.0	340440.0
0	9	12	190806.0	190806.0
1	9	12	190806.0	190806.0
2	9	12	190806.0	190806.0
3	9	12	190806.0	190806.0
0	9	14	233376.0	233376.0
1	9	14	233376.0	233376.0
2	9	14	233376.0	233376.0
3	9	14	233376.0	233376.0
0	18	16	217812.0	217812.0
1	18	16	217812.0	217812.0
2	18	16	217812.0	217812.0
3	18	16	217812.0	217812.0
0	14	0	283770.0	283770.0
1	14	0	283770.0	283770.0
2	14	0	283770.0	283770.0
3	14	0	283770.0	283770.0
0	9	8	185490.0	185490.0
1	9	8	185490.0	185490.0
2	9	8	185490.0	185490.0
3	9	8	185490.0	185490.0
0	9	7	85494.0	85494.0
1	9	7	85494.0	85494.0
2	9	7	85494.0	85494.0
3	9	7	85494.0	85494.0
0	9	6	198576.0	198576.0
1	9	6	198576.0	198576.0
2	9	6	198576.0	198576.0
3	9	6	198576.0	198576.0
0	14	15	200814.0	200814.0
1	14	15	200814.0	200814.0
2	14	15	200814.0	200814.0
3	14	15	200814.0	200814.0
0	14	16	208062.0	208062.0
1	14	16	208062.0	208062.0
2	14	16	208062.0	208062.0
3	14	16	208062.0	208062.0
0	14	17	272334.0	272334.0
1	14	17	272334.0	272334.0
2	14	17	272334.0	272334.0
3	14	17	272334.0	272334.0
0	12	18	275076.0	275076.0
1	12	18	275076.0	275076.0
2	12	18	275076.0	275076.0
3	12	18	275076.0	275076.0
0	10	11	64422.0	64422.0
1	10	11	64422.0	64422.0
2	10	11	64422.0	64422.0
3	10	11	64422.0	64422.0
0	10	8	182826.0	182826.0
1	10	8	182826.0	182826.0
2	10	8	182826.0	182826.0
3	10	8	182826.0	182826.0
0	10	7	136398.0	136398.0
1	10	7	136398.0	136398.0
2	10	7	136398.0	136398.0
3	10	7	136398.0	136398.0
0	10	9	315336.0	315336.0
1	10	9	315336.0	315336.0
2	10	9	315336.0	315336.0
3	10	9	315336.0	315336.0
0	10	12	133542.0	133542.0
0	12	5	130614.0	130614.0
1	10	12	133542.0	133542.0
1	12	5	130614.0	130614.0
2	10	12	133542.0	133542.0
2	12	5	130614.0	130614.0
3	10	12	133542.0	133542.0
3	12	5	130614.0	130614.0
0	11	14	173448.0	173448.0
1	11	14	173448.0	173448.0
2	11	14	173448.0	173448.0
3	11	14	173448.0	173448.0
0	13	16	348540.0	348540.0
1	13	16	348540.0	348540.0
2	13	16	348540.0	348540.0
3	13	16	348540.0	348540.0
0	11	8	177480.0	177480.0
1	11	8	177480.0	177480.0
2	11	8	177480.0	177480.0
3	11	8	177480.0	177480.0
0	13	5	117918.0	117918.0
1	13	5	117918.0	117918.0
2	13	5	117918.0	117918.0
3	13	5	117918.0	117918.0
0	12	11	83304.0	83304.0
1	12	11	83304.0	83304.0
2	12	11	83304.0	83304.0
3	12	11	83304.0	83304.0
0	12	14	157938.0	157938.0
1	12	14	157938.0	157938.0
2	12	14	157938.0	157938.0
3	12	14	157938.0	157938.0
0	12	7	354114.0	354114.0
1	12	7	354114.0	354114.0
2	12	7	354114.0	354114.0
3	12	7	354114.0	354114.0
0	18	1	180330.0	180330.0
1	18	1	180330.0	180330.0
2	18	1	180330.0	180330.0
3	18	1	180330.0	180330.0
0	18	2	98022.0	98022.0
1	18	2	98022.0	98022.0
2	18	2	98022.0	98022.0
3	18	2	98022.0	98022.0
0	12	9	91518.0	91518.0
1	12	9	91518.0	91518.0
2	12	9	91518.0	91518.0
3	12	9	91518.0	91518.0
0	14	6	187218.0	187218.0
1	14	6	187218.0	187218.0
2	14	6	187218.0	187218.0
3	14	6	187218.0	187218.0
0	12	10	172902.0	172902.0
1	12	10	172902.0	172902.0
2	12	10	172902.0	172902.0
3	12	10	172902.0	172902.0
0	12	13	56274.0	56274.0
1	12	13	56274.0	56274.0
2	12	13	56274.0	56274.0
3	12	13	56274.0	56274.0
0	15	17	188880.0	188880.0
1	15	17	188880.0	188880.0
2	15	17	188880.0	188880.0
3	15	17	188880.0	188880.0
0	13	14	174804.0	174804.0
1	13	14	174804.0	174804.0
2	13	14	174804.0	174804.0
3	13	14	174804.0	174804.0
0	13	11	269472.0	269472.0
1	13	11	269472.0	269472.0
2	13	11	269472.0	269472.0
3	13	11	269472.0	269472.0
0	13	12	196278.0	196278.0
1	13	12	196278.0	196278.0
2	13	12	196278.0	196278.0
3	13	12	196278.0	196278.0
0	16	2	93756.0	93756.0
1	16	2	93756.0	93756.0
2	16	2	93756.0	93756.0
3	16	2	93756.0	93756.0
0	16	3	245220.0	245220.0
1	16	3	245220.0	245220.0
2	16	3	245220.0	245220.0
3	16	3	245220.0	245220.0
0	16	6	318570.0	318570.0
1	16	6	318570.0	318570.0
2	16	6	318570.0	318570.0
3	16	6	318570.0	318570.0
0	13	10	251952.0	251952.0
1	13	10	251952.0	251952.0
2	13	10	251952.0	251952.0
3	13	10	251952.0	251952.0
0	15	18	225534.0	225534.0
1	15	18	225534.0	225534.0
2	15	18	225534.0	225534.0
3	15	18	225534.0	225534.0
0	17	1	156912.0	156912.0
1	17	1	156912.0	156912.0
2	17	1	156912.0	156912.0
3	17	1	156912.0	156912.0
0	17	2	82164.0	82164.0
1	17	2	82164.0	82164.0
2	17	2	82164.0	82164.0
3	17	2	82164.0	82164.0
0	14	5	160344.0	160344.0
1	14	5	160344.0	160344.0
2	14	5	160344.0	160344.0
3	14	5	160344.0	160344.0
0	14	12	174864.0	174864.0
1	14	12	174864.0	174864.0
2	14	12	174864.0	174864.0
3	14	12	174864.0	174864.0
0	14	11	237918.0	237918.0
1	14	11	237918.0	237918.0
2	14	11	237918.0	237918.0
3	14	11	237918.0	237918.0
0	14	13	34020.0	34020.0
1	14	13	34020.0	34020.0
2	14	13	34020.0	34020.0
3	14	13	34020.0	34020.0
0	15	0	71790.0	71790.0
1	15	0	71790.0	71790.0
2	15	0	71790.0	71790.0
3	15	0	71790.0	71790.0
0	15	16	195834.0	195834.0
1	15	16	195834.0	195834.0
2	15	16	195834.0	195834.0
3	15	16	195834.0	195834.0
0	15	14	198678.0	198678.0
1	15	14	198678.0	198678.0
2	15	14	198678.0	198678.0
3	15	14	198678.0	198678.0
0	15	13	207702.0	207702.0
1	15	13	207702.0	207702.0
2	15	13	207702.0	207702.0
3	15	13	207702.0	207702.0
0	15	12	306948.0	306948.0
1	15	12	306948.0	306948.0
2	15	12	306948.0	306948.0
3	15	12	306948.0	306948.0
0	16	0	103680.0	103680.0
1	16	0	103680.0	103680.0
2	16	0	103680.0	103680.0
3	16	0	103680.0	103680.0
0	16	17	35070.0	35070.0
1	16	17	35070.0	35070.0
2	16	17	35070.0	35070.0
3	16	17	35070.0	35070.0
0	16	18	95628.0	95628.0
1	16	18	95628.0	95628.0
2	16	18	95628.0	95628.0
3	16	18	95628.0	95628.0
0	16	14	195960.0	195960.0
1	16	14	195960.0	195960.0
2	16	14	195960.0	195960.0
3	16	14	195960.0	195960.0
0	17	0	77826.0	77826.0
1	17	0	77826.0	77826.0
2	17	0	77826.0	77826.0
3	17	0	77826.0	77826.0
0	17	16	127866.0	127866.0
1	17	16	127866.0	127866.0
2	17	16	127866.0	127866.0
3	17	16	127866.0	127866.0
0	17	18	109500.0	109500.0
1	17	18	109500.0	109500.0
2	17	18	109500.0	109500.0
3	17	18	109500.0	109500.0
0	18	0	218274.0	218274.0
1	18	0	218274.0	218274.0
2	18	0	218274.0	218274.0
3	18	0	218274.0	218274.0
0	18	17	189534.0	189534.0
1	18	17	189534.0	189534.0
2	18	17	189534.0	189534.0
3	18	17	189534.0	189534.0
