-----------------------------------------------------
-----     Resultados    -----
-----------------------------------------------------

Parametro Deficit (alfa): 1.0
Parametro Exceso (beta):  1.0
Parametro de probabilidades (epsilon): 0.0
CPU time: 0.132
p	q	g Estimada	g Exacta	g Referencia	Deficit	Exceso
0	1	266124.0	263196.0	263200.0	-0.0	 	2924.0
0	2	118935.0	121248.0	110270.0	-0.0	 	8665.0
0	3	205632.0	205632.0	205630.0	-0.0	 	2.0
0	4	75576.0	81432.0	75572.0	0.0	 	4.0
0	5	203082.0	203076.0	203080.0	0.0	 	2.0
0	6	268704.0	268704.0	268700.0	0.0	 	4.0
0	7	240012.00000000006	240012.0	240010.0	0.0	 	3.0
0	8	339552.0	339552.0	339550.0	0.0	 	2.0
0	9	193445.99999999988	203220.0	187630.0	0.0	 	5816.0
0	10	197670.0	195876.0	195880.0	-0.0	 	1790.0
0	11	31167.0	28080.0	28080.0	0.0	 	3087.0
0	12	303048.0000000001	303048.0	303050.0	2.0	 	0.0
0	13	330342.0	330336.0	330340.0	0.0	 	2.0
0	14	163506.00000000006	158616.0	158620.0	-0.0	 	4887.0
0	15	122547.00000000013	122544.0	122540.0	-0.0	 	8.0
0	16	142374.00000000006	142380.0	140540.0	-0.0	 	1835.0
0	17	109112.99999999997	109116.0	109100.0	-0.0	 	13.0
0	18	9647.999999999956	9648.0	9648.0	0.0	 	0.0
1	0	204621.0	204624.0	204620.0	-0.0	 	1.0
1	2	142452.00000000006	142452.0	142450.0	-0.0	 	3.0
1	3	139860.0	139860.0	139860.0	0.0	 	0.0
1	4	224793.0	221868.0	221870.0	-0.0	 	2923.0
1	5	101664.0	101664.0	101660.0	0.0	 	4.0
1	6	267912.0	267912.0	267910.0	-0.0	 	2.0
1	7	91512.0	91512.0	91512.0	0.0	 	0.0
1	8	108291.0	108288.0	108290.0	-0.0	 	1.0
1	9	192060.0	192060.0	192060.0	0.0	 	0.0
1	10	41976.0	41976.0	41976.0	0.0	 	0.0
1	11	173124.00000000003	173124.0	173120.0	0.0	 	5.0
1	12	202067.99999999994	202068.0	202070.0	2.0	 	0.0
1	13	137990.99999999997	137988.0	137990.0	-0.0	 	1.0
1	14	317592.0	317592.0	317590.0	0.0	 	2.0
1	15	9324.0	9324.0	9324.0	0.0	 	0.0
1	16	150407.9999999999	150408.0	150410.0	2.0	 	0.0
1	17	312555.0	312552.0	312550.0	-0.0	 	5.0
1	18	110204.99999999985	110196.0	110200.0	-0.0	 	5.0
2	0	311220.0	311220.0	311220.0	0.0	 	0.0
2	1	61776.0	61776.0	61776.0	0.0	 	0.0
2	3	245844.0	245844.0	245840.0	-0.0	 	4.0
2	4	27576.0	27576.0	27576.0	0.0	 	0.0
2	5	100584.00000000004	100584.0	100580.0	-0.0	 	5.0
2	6	181944.0	181944.0	181940.0	0.0	 	4.0
2	7	152532.0000000001	152532.0	152530.0	0.0	 	3.0
2	8	52415.99999999991	52416.0	52416.0	0.0	 	0.0
2	9	214892.99999999994	211968.0	211970.0	-0.0	 	2923.0
2	10	68184.0	68184.0	68184.0	0.0	 	0.0
2	11	68832.0	68832.0	68832.0	0.0	 	0.0
2	12	59184.0	59184.0	59184.0	0.0	 	0.0
2	13	116064.0	116064.0	116060.0	0.0	 	4.0
2	14	118398.00000000003	118404.0	118400.0	2.0	 	0.0
2	15	173447.99999999994	173448.0	173450.0	2.0	 	0.0
2	16	79560.00000000006	79560.0	79560.0	0.0	 	1.0
2	17	1728.0	1728.0	1728.0	0.0	 	0.0
2	18	29376.0	29376.0	29376.0	0.0	 	0.0
3	0	138351.0	138348.0	138350.0	-0.0	 	1.0
3	1	136235.9999999998	136224.0	136220.0	-0.0	 	16.0
3	2	148868.99999999985	148860.0	148860.0	0.0	 	9.0
3	4	206067.0	206064.0	206060.0	-0.0	 	7.0
3	5	41196.0	37116.0	37116.0	0.0	 	4080.0
3	6	263412.0	263412.0	263410.0	-0.0	 	2.0
3	7	93132.0	93132.0	93132.0	0.0	 	0.0
3	8	70554.00000000009	70560.0	69703.0	-0.0	 	852.0
3	9	23075.999999999993	23076.0	23076.0	0.0	 	0.0
3	10	125889.0	125892.0	125890.0	1.0	 	0.0
3	11	194400.0	194400.0	194400.0	0.0	 	0.0
3	12	274892.99999999994	272844.0	272840.0	-0.0	 	2053.0
3	13	322470.0000000001	334728.0	319900.0	0.0	 	2571.0
3	14	49104.0	49104.0	49104.0	0.0	 	0.0
3	15	327462.0	327456.0	327460.0	0.0	 	2.0
3	16	104225.99999999996	98100.0	98100.0	0.0	 	6126.0
3	17	315432.0	315432.0	315430.0	0.0	 	2.0
3	18	325602.0000000003	325620.0	308260.0	0.0	 	17343.0
4	0	300282.0000000001	300276.0	300280.0	-0.0	 	3.0
4	1	1872.0	1872.0	1872.0	0.0	 	0.0
4	2	261887.99999999994	254628.0	254630.0	-0.0	 	7258.0
4	3	221979.00000000006	221976.0	221980.0	1.0	 	0.0
4	5	262041.00000000006	262044.0	262040.0	-0.0	 	2.0
4	6	176256.0	176256.0	176260.0	4.0	 	0.0
4	7	84041.99999999991	81108.0	81108.0	0.0	 	2934.0
4	8	66024.0	66024.0	66024.0	0.0	 	0.0
4	9	247722.0	247716.0	247720.0	-0.0	 	2.0
4	10	101844.0	101844.0	101840.0	0.0	 	4.0
4	11	285990.0000000001	291852.0	276810.0	0.0	 	9181.0
4	12	9108.0	9108.0	9108.0	0.0	 	0.0
4	13	306794.99999999994	306792.0	306790.0	-0.0	 	5.0
4	14	308808.0	308808.0	308810.0	2.0	 	0.0
4	15	20081.999999999913	20088.0	20088.0	6.0	 	0.0
4	16	255491.99999999994	255492.0	255490.0	0.0	 	2.0
4	17	49392.0	49392.0	49392.0	0.0	 	0.0
4	18	4824.0	4824.0	4824.0	0.0	 	0.0
5	0	332172.0	332172.0	332170.0	0.0	 	2.0
5	1	269532.0	269532.0	269530.0	0.0	 	2.0
5	2	30678.00000000011	29232.0	27741.0	0.0	 	2938.0
5	3	327891.0	327888.0	327890.0	-0.0	 	1.0
5	4	242604.0	242604.0	242600.0	-0.0	 	4.0
5	6	151596.0	151596.0	151600.0	4.0	 	0.0
5	7	300960.0	300960.0	276540.0	0.0	 	24420.0
5	8	239610.0000000001	239616.0	218100.0	0.0	 	21511.0
5	9	253188.0	253188.0	253190.0	2.0	 	0.0
5	10	313560.0	313560.0	313560.0	0.0	 	0.0
5	11	99576.0	99576.0	99576.0	0.0	 	0.0
5	12	150162.00000000006	150156.0	150160.0	-0.0	 	3.0
5	13	61587.0	58788.0	58788.0	0.0	 	2799.0
5	14	125031.0	125028.0	125030.0	0.0	 	1.0
5	15	339408.00000000006	339408.0	339410.0	2.0	 	0.0
5	16	300240.0	300240.0	300240.0	0.0	 	0.0
5	17	117612.0	117612.0	117610.0	0.0	 	2.0
5	18	157013.99999999977	156996.0	157000.0	0.0	 	14.0
6	0	237378.0000000001	237384.0	237380.0	2.0	 	0.0
6	1	151130.99999999994	151128.0	151130.0	-0.0	 	1.0
6	2	180084.00000000003	182628.0	180080.0	0.0	 	5.0
6	3	318131.99999999994	318132.0	318130.0	-0.0	 	2.0
6	4	152616.0	151344.0	151340.0	-0.0	 	1276.0
6	5	308520.0	308520.0	308520.0	0.0	 	0.0
6	7	102363.0	98136.0	92428.0	-0.0	 	9935.0
6	8	230940.0	230940.0	230940.0	0.0	 	0.0
6	9	216108.0	216108.0	212480.0	-0.0	 	3628.0
6	10	264528.0	264528.0	264530.0	2.0	 	0.0
6	11	225041.99999999994	225036.0	225040.0	0.0	 	2.0
6	12	159582.0	163692.0	159580.0	0.0	 	2.0
6	13	329106.0	322452.0	322450.0	0.0	 	6656.0
6	14	106125.0	106128.0	106080.0	0.0	 	45.0
6	15	271044.0	271044.0	271040.0	0.0	 	4.0
6	16	225642.0	228960.0	215110.0	-0.0	 	10532.0
6	17	67968.0	67968.0	67968.0	0.0	 	0.0
6	18	21492.0	21492.0	21492.0	0.0	 	0.0
7	0	210282.0	210276.0	210280.0	0.0	 	2.0
7	1	322962.0	322956.0	322960.0	-0.0	 	2.0
7	2	29874.0	30240.0	29869.0	-0.0	 	5.0
7	3	316584.0	316584.0	316580.0	0.0	 	4.0
7	4	190551.0	186048.0	186050.0	-0.0	 	4501.0
7	5	337032.0	336852.0	314940.0	0.0	 	22092.0
7	6	47592.0	47592.0	47592.0	0.0	 	0.0
7	8	181692.0	181692.0	181690.0	-0.0	 	2.0
7	9	166176.0	166176.0	166180.0	4.0	 	0.0
7	10	84816.0	84816.0	84816.0	0.0	 	0.0
7	11	317600.99999999994	314676.0	314680.0	-0.0	 	2921.0
7	12	227055.0000000001	225000.0	225000.0	0.0	 	2056.0
7	13	212802.0	212796.0	212800.0	0.0	 	2.0
7	14	62316.0	62316.0	62316.0	0.0	 	0.0
7	15	224567.99999999994	224568.0	224570.0	2.0	 	0.0
7	16	206532.0	206532.0	206530.0	-0.0	 	2.0
7	17	327564.0	327564.0	327560.0	0.0	 	4.0
7	18	306144.0	306144.0	306140.0	0.0	 	4.0
8	0	182952.0	182952.0	182950.0	0.0	 	2.0
8	1	320619.0	320616.0	320620.0	1.0	 	0.0
8	2	81720.0	81720.0	81720.0	0.0	 	0.0
8	3	43848.0	43848.0	43848.0	0.0	 	0.0
8	4	262218.0	262224.0	262220.0	2.0	 	0.0
8	5	44106.0	43956.0	39737.0	-0.0	 	4369.0
8	6	69516.00000000001	69516.0	69516.0	0.0	 	1.0
8	7	262299.00000000006	262296.0	262300.0	1.0	 	0.0
8	9	166179.00000000006	166176.0	166180.0	1.0	 	0.0
8	10	269139.0	269136.0	269140.0	1.0	 	0.0
8	11	233421.0	233424.0	233420.0	-0.0	 	1.0
8	12	284075.9999999999	284076.0	284080.0	4.0	 	0.0
8	13	321906.0	321912.0	321910.0	4.0	 	0.0
8	14	315042.0	315036.0	315040.0	0.0	 	2.0
8	15	323352.00000000006	323352.0	323350.0	-0.0	 	3.0
8	16	62820.0	62820.0	62820.0	0.0	 	0.0
8	17	337350.0	337356.0	337360.0	10.0	 	0.0
8	18	133341.0	133344.0	133340.0	-0.0	 	1.0
9	0	225834.0	225828.0	225830.0	0.0	 	4.0
9	1	334871.99999999994	334872.0	334870.0	0.0	 	2.0
9	2	142500.0	151128.0	142500.0	0.0	 	0.0
9	3	5904.0	5904.0	5904.0	0.0	 	0.0
9	4	280883.99999999994	270756.0	270760.0	-0.0	 	10124.0
9	5	185220.0	185220.0	185220.0	0.0	 	0.0
9	6	169743.00000000006	169740.0	166920.0	0.0	 	2824.0
9	7	74412.0	74412.0	74412.0	0.0	 	0.0
9	8	69192.0	69192.0	69192.0	0.0	 	0.0
9	10	6048.0	6048.0	6048.0	0.0	 	0.0
9	11	185375.99999999994	182448.0	182450.0	-0.0	 	2926.0
9	12	195804.00000000006	195804.0	195800.0	-0.0	 	5.0
9	13	87696.0	87696.0	87696.0	0.0	 	0.0
9	14	159483.0	159480.0	159010.0	-0.0	 	473.0
9	15	37260.0	37260.0	37260.0	0.0	 	0.0
9	16	325530.0	325548.0	295620.0	0.0	 	29910.0
9	17	15588.0	15588.0	15588.0	0.0	 	0.0
9	18	313020.0	313020.0	313020.0	0.0	 	0.0
10	0	195480.0	195480.0	195480.0	0.0	 	0.0
10	1	94896.0	94896.0	94896.0	0.0	 	0.0
10	2	311196.00000000006	308376.0	308380.0	-0.0	 	2817.0
10	3	14402.999999999962	14400.0	14400.0	0.0	 	3.0
10	4	228804.0	237456.0	220750.0	0.0	 	8054.0
10	5	40566.0	40860.0	37475.0	-0.0	 	3091.0
10	6	40320.0	40320.0	40320.0	0.0	 	0.0
10	7	43674.0	39348.0	39348.0	0.0	 	4326.0
10	8	112155.0	110160.0	110160.0	0.0	 	1995.0
10	9	15144.0	13644.0	13644.0	0.0	 	1500.0
10	11	223020.0	223020.0	223020.0	0.0	 	0.0
10	12	140049.0	139896.0	131860.0	0.0	 	8189.0
10	13	29700.0	29700.0	29700.0	0.0	 	0.0
10	14	117108.00000000003	117108.0	117110.0	2.0	 	0.0
10	15	30744.0	30744.0	30744.0	0.0	 	0.0
10	16	257040.0	257040.0	257040.0	0.0	 	0.0
10	17	326091.0	326088.0	326090.0	-0.0	 	1.0
10	18	1464.0	1476.0	1462.0	0.0	 	2.0
11	0	4314.0	3888.0	3888.0	0.0	 	426.0
11	1	5364.0	5364.0	5364.0	0.0	 	0.0
11	2	151722.0	146484.0	146480.0	-0.0	 	5242.0
11	3	228741.0	228744.0	228740.0	-0.0	 	1.0
11	4	252504.0	252504.0	252500.0	0.0	 	4.0
11	5	246377.99999999994	246384.0	246380.0	2.0	 	0.0
11	6	152207.99999999997	152208.0	152210.0	2.0	 	0.0
11	7	317340.0	317340.0	317340.0	0.0	 	0.0
11	8	148799.9999999999	146952.0	146950.0	-0.0	 	1850.0
11	9	55611.000000000065	50724.0	50724.0	0.0	 	4888.0
11	10	22002.0	23796.0	22001.0	-0.0	 	1.0
11	12	314390.9999999999	314388.0	314390.0	-0.0	 	1.0
11	13	117825.00000000003	117828.0	117830.0	5.0	 	0.0
11	14	341453.99999999994	341460.0	317210.0	-0.0	 	24244.0
11	15	83520.0	83520.0	83520.0	0.0	 	0.0
11	16	125862.0	125856.0	125860.0	0.0	 	2.0
11	17	338154.00000000006	338148.0	338150.0	0.0	 	5.0
11	18	333036.0000000001	333036.0	329230.0	0.0	 	3807.0
12	0	184662.0	195696.0	184660.0	0.0	 	2.0
12	1	95724.0	95724.0	95724.0	0.0	 	0.0
12	2	105624.0	105624.0	105620.0	0.0	 	4.0
12	3	35568.0	35568.0	35568.0	0.0	 	0.0
12	4	10278.0	10260.0	9414.0	0.0	 	864.0
12	5	23298.000000000022	23148.0	23148.0	0.0	 	151.0
12	6	202572.0	202572.0	202570.0	0.0	 	2.0
12	7	22608.0	22608.0	22608.0	0.0	 	0.0
12	8	69216.0	72900.0	69216.0	0.0	 	0.0
12	9	282666.0	282672.0	269730.0	0.0	 	12936.0
12	10	303234.0	301392.0	301390.0	-0.0	 	1844.0
12	11	267099.0	259740.0	259740.0	0.0	 	7359.0
12	13	341925.0	341928.0	341930.0	5.0	 	0.0
12	14	90150.00000000003	84636.0	84636.0	0.0	 	5515.0
12	15	51120.000000000044	51120.0	51120.0	-0.0	 	1.0
12	16	310182.0	310176.0	310180.0	0.0	 	2.0
12	17	224207.99999999994	224208.0	224210.0	2.0	 	0.0
12	18	327854.9999999999	327852.0	327850.0	-0.0	 	5.0
13	0	73206.0	73512.0	73206.0	0.0	 	0.0
13	1	63927.0	63936.0	59263.0	-0.0	 	4664.0
13	2	69156.0	69156.0	69156.0	0.0	 	0.0
13	3	249906.0	249912.0	249910.0	4.0	 	0.0
13	4	256320.0	256320.0	256320.0	0.0	 	0.0
13	5	252618.0	252612.0	252610.0	-0.0	 	8.0
13	6	248940.0	248940.0	248940.0	0.0	 	0.0
13	7	305604.0	305604.0	305600.0	0.0	 	4.0
13	8	249264.0	249264.0	249260.0	0.0	 	4.0
13	9	114660.0	114660.0	114660.0	0.0	 	0.0
13	10	227232.0	227232.0	227230.0	-0.0	 	2.0
13	11	49113.000000000044	48960.0	48960.0	0.0	 	154.0
13	12	218181.0	220068.0	198590.0	-0.0	 	19591.0
13	14	203832.0	203832.0	203830.0	-0.0	 	2.0
13	15	269535.0	271584.0	255380.0	-0.0	 	14155.0
13	16	147021.0	147024.0	147020.0	-0.0	 	1.0
13	17	22158.000000000007	21852.0	21852.0	0.0	 	307.0
13	18	291828.0	288036.0	288040.0	0.0	 	3788.0
14	0	123711.0	118044.0	118040.0	-0.0	 	5671.0
14	1	135468.0	135468.0	135020.0	0.0	 	448.0
14	2	298914.0	298908.0	298910.0	0.0	 	4.0
14	3	64332.0	64332.0	64332.0	0.0	 	0.0
14	4	124272.0	124272.0	124270.0	0.0	 	2.0
14	5	52596.0	52596.0	52596.0	0.0	 	0.0
14	6	6810.0	6804.0	6194.0	-0.0	 	616.0
14	7	265140.0	265140.0	265140.0	0.0	 	0.0
14	8	317868.0	317880.0	317880.0	12.0	 	0.0
14	9	330291.0000000001	325404.0	325400.0	-0.0	 	4892.0
14	10	28620.0	28620.0	28620.0	0.0	 	0.0
14	11	143139.00000000006	143136.0	143140.0	1.0	 	0.0
14	12	330105.0	328212.0	328210.0	-0.0	 	1895.0
14	13	82116.0	82116.0	82116.0	0.0	 	0.0
14	15	25869.0	23976.0	23308.0	-0.0	 	2561.0
14	16	2196.0	2196.0	2196.0	0.0	 	0.0
14	17	277005.0	277164.0	274370.0	-0.0	 	2635.0
14	18	230934.0	234720.0	213250.0	0.0	 	17684.0
15	0	40788.0	40788.0	37059.0	0.0	 	3729.0
15	1	210024.0	210024.0	210020.0	0.0	 	4.0
15	2	87570.0	88380.0	87563.0	-0.0	 	7.0
15	3	305928.0	305928.0	305930.0	2.0	 	0.0
15	4	45504.0	45504.0	45504.0	0.0	 	0.0
15	5	112716.00000000006	112716.0	112720.0	4.0	 	0.0
15	6	308952.0	308952.0	308950.0	0.0	 	2.0
15	7	95256.0	95256.0	95256.0	0.0	 	0.0
15	8	48636.0	48636.0	48636.0	0.0	 	0.0
15	9	254772.0	254772.0	254770.0	0.0	 	2.0
15	10	67500.0	67500.0	67500.0	0.0	 	0.0
15	11	308375.9999999999	308376.0	308380.0	4.0	 	0.0
15	12	8820.0	8820.0	8820.0	0.0	 	0.0
15	13	216180.0	216180.0	216180.0	0.0	 	0.0
15	14	270756.00000000006	270756.0	270760.0	4.0	 	0.0
15	16	13293.0	12888.0	12888.0	0.0	 	405.0
15	17	224892.0	224640.0	224640.0	0.0	 	252.0
15	18	163941.0	163944.0	163940.0	-0.0	 	1.0
16	0	281952.0	281952.0	281950.0	0.0	 	2.0
16	1	140970.0	140976.0	140980.0	10.0	 	0.0
16	2	281202.0	280800.0	265670.0	-0.0	 	15532.0
16	3	280731.0	280728.0	280730.0	0.0	 	1.0
16	4	281412.0	281412.0	281410.0	0.0	 	2.0
16	5	195155.99999999994	195156.0	195160.0	4.0	 	0.0
16	6	68229.0	66060.0	66060.0	0.0	 	2169.0
16	7	336980.99999999994	339156.0	336980.0	-0.0	 	1.0
16	8	105882.0	105876.0	105880.0	0.0	 	2.0
16	9	123521.99999999997	123516.0	123520.0	0.0	 	2.0
16	10	204987.0	204984.0	204980.0	-0.0	 	7.0
16	11	119448.00000000003	119448.0	119450.0	2.0	 	0.0
16	12	21672.0	21672.0	21672.0	0.0	 	0.0
16	13	329387.99999999994	326592.0	326590.0	-0.0	 	2798.0
16	14	332637.00000000006	332640.0	332640.0	3.0	 	0.0
16	15	242241.0	242244.0	242240.0	-0.0	 	1.0
16	17	297039.0	297036.0	297040.0	1.0	 	0.0
16	18	23400.0	23400.0	23400.0	0.0	 	0.0
17	0	250881.0	250884.0	250880.0	-0.0	 	1.0
17	1	168771.0	168768.0	168770.0	-0.0	 	1.0
17	2	257226.0	256824.0	256820.0	-0.0	 	406.0
17	3	47268.0	47268.0	47268.0	0.0	 	0.0
17	4	244512.0	244512.0	244510.0	0.0	 	2.0
17	5	208800.0	208800.0	208800.0	0.0	 	0.0
17	6	121791.0	121788.0	121790.0	-0.0	 	1.0
17	7	52740.0	52740.0	52740.0	0.0	 	0.0
17	8	178740.0	178740.0	178740.0	0.0	 	0.0
17	9	221538.0	221544.0	221540.0	2.0	 	0.0
17	10	334761.0	334764.0	334760.0	-0.0	 	1.0
17	11	149802.0	149796.0	149800.0	0.0	 	2.0
17	12	14868.0	14868.0	14868.0	0.0	 	0.0
17	13	98244.0	98244.0	98244.0	0.0	 	0.0
17	14	197964.0	197964.0	197960.0	-0.0	 	4.0
17	15	12240.0	12240.0	12240.0	0.0	 	0.0
17	16	25167.0	25164.0	23371.0	-0.0	 	1796.0
17	18	30132.0	30132.0	29926.0	-0.0	 	206.0
18	0	189755.99999999997	189756.0	189760.0	4.0	 	0.0
18	1	37656.0	37656.0	37656.0	0.0	 	0.0
18	2	168441.0	168444.0	168440.0	-0.0	 	1.0
18	3	160740.0	160740.0	160740.0	0.0	 	0.0
18	4	292794.0	292788.0	292790.0	0.0	 	4.0
18	5	111240.0	111240.0	111240.0	0.0	 	0.0
18	6	169380.0	169380.0	169380.0	0.0	 	0.0
18	7	289116.0	289116.0	289120.0	4.0	 	0.0
18	8	127872.0	127872.0	127870.0	-0.0	 	2.0
18	9	116418.00000000003	116424.0	116420.0	2.0	 	0.0
18	10	23112.0	23112.0	23112.0	0.0	 	0.0
18	11	267588.00000000006	267588.0	267590.0	2.0	 	0.0
18	12	259598.99999999994	259596.0	259600.0	1.0	 	0.0
18	13	287964.00000000006	287964.0	287960.0	0.0	 	5.0
18	14	38916.0	38916.0	38916.0	0.0	 	0.0
18	15	62964.0	62964.0	62964.0	0.0	 	0.0
18	16	232632.0	232632.0	232630.0	-0.0	 	2.0
18	17	218628.0	218628.0	197920.0	0.0	 	20708.0

l	i	j	v Observado	v Estimado
0	0	1	266154.0	266154.0
1	0	1	266154.0	266154.0
2	0	1	266154.0	266154.0
0	0	2	136662.0	136662.0
1	0	2	136662.0	136662.0
2	0	2	136662.0	136662.0
0	0	3	275016.0	275016.0
1	0	3	275016.0	275016.0
2	0	3	275016.0	275016.0
0	1	4	209088.0	209088.0
1	1	4	209088.0	209088.0
2	1	4	209088.0	209088.0
0	2	4	167640.0	167640.0
1	2	4	167640.0	167640.0
2	2	4	167640.0	167640.0
0	2	5	160536.0	160536.0
1	2	5	160536.0	160536.0
2	2	5	160536.0	160536.0
0	3	5	229842.0	229842.0
1	3	5	229842.0	229842.0
2	3	5	229842.0	229842.0
0	1	6	164412.0	164412.0
1	1	6	164412.0	164412.0
2	1	6	164412.0	164412.0
0	0	17	137514.0	137514.0
0	17	6	234876.0	234876.0
1	0	17	137514.0	137514.0
1	17	6	234876.0	234876.0
2	0	17	137514.0	137514.0
2	17	6	234876.0	234876.0
0	1	7	292692.0	292692.0
1	1	7	292692.0	292692.0
2	1	7	292692.0	292692.0
0	0	11	440250.0	440250.0
0	11	7	282990.0	282990.0
1	0	11	440250.0	440250.0
1	11	7	282990.0	282990.0
2	0	11	440250.0	440250.0
2	11	7	282990.0	282990.0
0	1	8	149970.0	149970.0
1	1	8	149970.0	149970.0
2	1	8	149970.0	149970.0
0	0	18	110316.0	110316.0
0	18	8	297444.0	297444.0
1	0	18	110316.0	110316.0
1	18	8	297444.0	297444.0
2	0	18	110316.0	110316.0
2	18	8	297444.0	297444.0
0	11	9	118230.0	118230.0
1	11	9	118230.0	118230.0
2	11	9	118230.0	118230.0
0	0	14	174078.0	174078.0
0	14	9	282132.0	282132.0
1	0	14	174078.0	174078.0
1	14	9	282132.0	282132.0
2	0	14	174078.0	174078.0
2	14	9	282132.0	282132.0
0	11	10	73224.0	73224.0
1	11	10	73224.0	73224.0
2	11	10	73224.0	73224.0
0	18	12	206316.0	206316.0
1	18	12	206316.0	206316.0
2	18	12	206316.0	206316.0
0	11	12	265794.0	265794.0
1	11	12	265794.0	265794.0
2	11	12	265794.0	265794.0
0	0	16	173580.0	173580.0
0	16	13	635508.0	635508.0
1	0	16	173580.0	173580.0
1	16	13	635508.0	635508.0
2	0	16	173580.0	173580.0
2	16	13	635508.0	635508.0
0	11	13	184908.0	184908.0
1	11	13	184908.0	184908.0
2	11	13	184908.0	184908.0
0	0	15	132582.0	132582.0
1	0	15	132582.0	132582.0
2	0	15	132582.0	132582.0
0	1	0	327714.0	327714.0
1	1	0	327714.0	327714.0
2	1	0	327714.0	327714.0
0	1	2	103116.0	103116.0
1	1	2	103116.0	103116.0
2	1	2	103116.0	103116.0
0	1	3	63564.0	63564.0
1	1	3	63564.0	63564.0
2	1	3	63564.0	63564.0
0	4	9	296898.0	296898.0
1	4	9	296898.0	296898.0
2	4	9	296898.0	296898.0
0	7	9	87402.0	87402.0
1	7	9	87402.0	87402.0
2	7	9	87402.0	87402.0
0	7	10	248748.0	248748.0
1	7	10	248748.0	248748.0
2	7	10	248748.0	248748.0
0	8	10	250560.0	250560.0
1	8	10	250560.0	250560.0
2	8	10	250560.0	250560.0
0	7	11	271536.0	271536.0
1	7	11	271536.0	271536.0
2	7	11	271536.0	271536.0
0	1	18	181644.0	181644.0
1	1	18	181644.0	181644.0
2	1	18	181644.0	181644.0
0	7	12	259680.0	259680.0
1	7	12	259680.0	259680.0
2	7	12	259680.0	259680.0
0	1	17	320508.0	320508.0
0	17	14	222096.0	222096.0
1	1	17	320508.0	320508.0
1	17	14	222096.0	222096.0
2	1	17	320508.0	320508.0
2	17	14	222096.0	222096.0
0	18	15	207228.0	207228.0
1	18	15	207228.0	207228.0
2	18	15	207228.0	207228.0
0	2	16	113514.0	113514.0
1	2	16	113514.0	113514.0
2	2	16	113514.0	113514.0
0	2	0	280734.0	280734.0
1	2	0	280734.0	280734.0
2	2	0	280734.0	280734.0
0	2	1	107802.0	107802.0
1	2	1	107802.0	107802.0
2	2	1	107802.0	107802.0
0	2	3	112272.0	112272.0
1	2	3	112272.0	112272.0
2	2	3	112272.0	112272.0
0	3	6	121974.0	121974.0
1	3	6	121974.0	121974.0
2	3	6	121974.0	121974.0
0	4	7	177078.0	177078.0
1	4	7	177078.0	177078.0
2	4	7	177078.0	177078.0
0	5	8	206394.0	206394.0
1	5	8	206394.0	206394.0
2	5	8	206394.0	206394.0
0	5	12	236232.0	236232.0
1	5	12	236232.0	236232.0
2	5	12	236232.0	236232.0
0	2	18	129804.0	129804.0
1	2	18	129804.0	129804.0
2	2	18	129804.0	129804.0
0	5	13	396420.0	396420.0
1	5	13	396420.0	396420.0
2	5	13	396420.0	396420.0
0	5	14	131448.0	131448.0
1	5	14	131448.0	131448.0
2	5	14	131448.0	131448.0
0	2	17	80982.0	80982.0
1	2	17	80982.0	80982.0
2	2	17	80982.0	80982.0
0	3	0	325344.0	325344.0
1	3	0	325344.0	325344.0
2	3	0	325344.0	325344.0
0	3	1	179532.0	179532.0
1	3	1	179532.0	179532.0
2	3	1	179532.0	179532.0
0	3	2	156462.0	156462.0
1	3	2	156462.0	156462.0
2	3	2	156462.0	156462.0
0	3	4	176922.0	176922.0
1	3	4	176922.0	176922.0
2	3	4	176922.0	176922.0
0	6	9	175590.0	175590.0
1	6	9	175590.0	175590.0
2	6	9	175590.0	175590.0
0	3	16	235686.0	235686.0
1	3	16	235686.0	235686.0
2	3	16	235686.0	235686.0
0	16	15	184110.0	184110.0
1	16	15	184110.0	184110.0
2	16	15	184110.0	184110.0
0	4	3	174300.0	174300.0
1	4	3	174300.0	174300.0
2	4	3	174300.0	174300.0
0	4	2	375186.0	375186.0
1	4	2	375186.0	375186.0
2	4	2	375186.0	375186.0
0	4	1	46350.0	46350.0
1	4	1	46350.0	46350.0
2	4	1	46350.0	46350.0
0	4	5	253602.0	253602.0
1	4	5	253602.0	253602.0
2	4	5	253602.0	253602.0
0	4	6	129456.0	129456.0
1	4	6	129456.0	129456.0
2	4	6	129456.0	129456.0
0	6	8	243786.0	243786.0
1	6	8	243786.0	243786.0
2	6	8	243786.0	243786.0
0	9	10	33606.0	33606.0
1	9	10	33606.0	33606.0
2	9	10	33606.0	33606.0
0	9	11	161712.0	161712.0
1	9	11	161712.0	161712.0
2	9	11	161712.0	161712.0
0	6	14	149736.0	149736.0
1	6	14	149736.0	149736.0
2	6	14	149736.0	149736.0
0	6	17	317778.0	317778.0
1	6	17	317778.0	317778.0
2	6	17	317778.0	317778.0
0	5	3	328278.0	328278.0
1	5	3	328278.0	328278.0
2	5	3	328278.0	328278.0
0	5	2	189102.0	189102.0
1	5	2	189102.0	189102.0
2	5	2	189102.0	189102.0
0	5	4	253428.0	253428.0
1	5	4	253428.0	253428.0
2	5	4	253428.0	253428.0
0	5	6	207294.0	207294.0
0	6	1	138444.0	138444.0
1	5	6	207294.0	207294.0
1	6	1	138444.0	138444.0
2	5	6	207294.0	207294.0
2	6	1	138444.0	138444.0
0	5	7	169176.0	169176.0
1	5	7	169176.0	169176.0
2	5	7	169176.0	169176.0
0	8	11	207000.0	207000.0
1	8	11	207000.0	207000.0
2	8	11	207000.0	207000.0
0	13	15	217788.0	217788.0
1	13	15	217788.0	217788.0
2	13	15	217788.0	217788.0
0	12	15	211086.0	211086.0
1	12	15	211086.0	211086.0
2	12	15	211086.0	211086.0
0	6	16	358848.0	358848.0
1	6	16	358848.0	358848.0
2	6	16	358848.0	358848.0
0	8	18	351396.0	351396.0
1	8	18	351396.0	351396.0
2	8	18	351396.0	351396.0
0	6	3	211464.0	211464.0
1	6	3	211464.0	211464.0
2	6	3	211464.0	211464.0
0	6	5	249102.0	249102.0
1	6	5	249102.0	249102.0
2	6	5	249102.0	249102.0
0	6	4	204420.0	204420.0
1	6	4	204420.0	204420.0
2	6	4	204420.0	204420.0
0	6	7	263430.0	263430.0
1	6	7	263430.0	263430.0
2	6	7	263430.0	263430.0
0	17	15	68106.0	68106.0
1	17	15	68106.0	68106.0
2	17	15	68106.0	68106.0
0	7	1	357210.0	357210.0
1	7	1	357210.0	357210.0
2	7	1	357210.0	357210.0
0	11	0	396828.0	396828.0
1	11	0	396828.0	396828.0
2	11	0	396828.0	396828.0
0	7	5	246810.0	246810.0
1	7	5	246810.0	246810.0
2	7	5	246810.0	246810.0
0	7	4	194130.0	194130.0
1	7	4	194130.0	194130.0
2	7	4	194130.0	194130.0
0	7	6	202452.0	202452.0
1	7	6	202452.0	202452.0
2	7	6	202452.0	202452.0
0	7	8	111588.0	111588.0
1	7	8	111588.0	111588.0
2	7	8	111588.0	111588.0
0	10	13	204438.0	204438.0
1	10	13	204438.0	204438.0
2	10	13	204438.0	204438.0
0	8	1	279732.0	279732.0
1	8	1	279732.0	279732.0
2	8	1	279732.0	279732.0
0	8	5	145452.0	145452.0
1	8	5	145452.0	145452.0
2	8	5	145452.0	145452.0
0	8	6	181770.0	181770.0
1	8	6	181770.0	181770.0
2	8	6	181770.0	181770.0
0	8	7	226668.0	226668.0
1	8	7	226668.0	226668.0
2	8	7	226668.0	226668.0
0	8	9	218352.0	218352.0
0	9	4	392190.0	392190.0
1	8	9	218352.0	218352.0
1	9	4	392190.0	392190.0
2	8	9	218352.0	218352.0
2	9	4	392190.0	392190.0
0	9	12	170994.0	170994.0
1	9	12	170994.0	170994.0
2	9	12	170994.0	170994.0
0	9	14	225888.0	225888.0
1	9	14	225888.0	225888.0
2	9	14	225888.0	225888.0
0	18	16	191028.0	191028.0
1	18	16	191028.0	191028.0
2	18	16	191028.0	191028.0
0	14	0	155154.0	155154.0
1	14	0	155154.0	155154.0
2	14	0	155154.0	155154.0
0	9	8	161916.0	161916.0
1	9	8	161916.0	161916.0
2	9	8	161916.0	161916.0
0	9	7	111486.0	111486.0
1	9	7	111486.0	111486.0
2	9	7	111486.0	111486.0
0	9	6	293766.0	293766.0
1	9	6	293766.0	293766.0
2	9	6	293766.0	293766.0
0	14	15	53322.0	53322.0
1	14	15	53322.0	53322.0
2	14	15	53322.0	53322.0
0	14	16	188202.0	188202.0
1	14	16	188202.0	188202.0
2	14	16	188202.0	188202.0
0	14	17	264750.0	264750.0
1	14	17	264750.0	264750.0
2	14	17	264750.0	264750.0
0	12	18	337890.0	337890.0
1	12	18	337890.0	337890.0
2	12	18	337890.0	337890.0
0	10	11	159018.0	159018.0
1	10	11	159018.0	159018.0
2	10	11	159018.0	159018.0
0	10	8	120006.0	120006.0
1	10	8	120006.0	120006.0
2	10	8	120006.0	120006.0
0	10	7	68508.0	68508.0
1	10	7	68508.0	68508.0
2	10	7	68508.0	68508.0
0	10	9	286650.0	286650.0
1	10	9	286650.0	286650.0
2	10	9	286650.0	286650.0
0	10	12	58812.0	58812.0
0	12	5	85050.0	85050.0
1	10	12	58812.0	58812.0
1	12	5	85050.0	85050.0
2	10	12	58812.0	58812.0
2	12	5	85050.0	85050.0
0	11	14	210672.0	210672.0
1	11	14	210672.0	210672.0
2	11	14	210672.0	210672.0
0	13	16	302028.0	302028.0
1	13	16	302028.0	302028.0
2	13	16	302028.0	302028.0
0	11	8	237426.0	237426.0
1	11	8	237426.0	237426.0
2	11	8	237426.0	237426.0
0	13	5	315198.0	315198.0
1	13	5	315198.0	315198.0
2	13	5	315198.0	315198.0
0	12	11	131346.0	131346.0
1	12	11	131346.0	131346.0
2	12	11	131346.0	131346.0
0	12	14	183654.0	183654.0
1	12	14	183654.0	183654.0
2	12	14	183654.0	183654.0
0	12	7	173388.0	173388.0
1	12	7	173388.0	173388.0
2	12	7	173388.0	173388.0
0	18	1	183990.0	183990.0
1	18	1	183990.0	183990.0
2	18	1	183990.0	183990.0
0	18	2	141090.0	141090.0
1	18	2	141090.0	141090.0
2	18	2	141090.0	141090.0
0	12	9	210672.0	210672.0
1	12	9	210672.0	210672.0
2	12	9	210672.0	210672.0
0	14	6	217872.0	217872.0
1	14	6	217872.0	217872.0
2	14	6	217872.0	217872.0
0	12	10	132486.0	132486.0
1	12	10	132486.0	132486.0
2	12	10	132486.0	132486.0
0	12	13	165672.0	165672.0
1	12	13	165672.0	165672.0
2	12	13	165672.0	165672.0
0	15	17	165624.0	165624.0
1	15	17	165624.0	165624.0
2	15	17	165624.0	165624.0
0	13	14	144438.0	144438.0
1	13	14	144438.0	144438.0
2	13	14	144438.0	144438.0
0	13	11	192354.0	192354.0
1	13	11	192354.0	192354.0
2	13	11	192354.0	192354.0
0	13	12	212718.0	212718.0
1	13	12	212718.0	212718.0
2	13	12	212718.0	212718.0
0	16	2	169674.0	169674.0
1	16	2	169674.0	169674.0
2	16	2	169674.0	169674.0
0	16	3	278508.0	278508.0
1	16	3	278508.0	278508.0
2	16	3	278508.0	278508.0
0	16	6	341418.0	341418.0
1	16	6	341418.0	341418.0
2	16	6	341418.0	341418.0
0	13	10	313224.0	313224.0
1	13	10	313224.0	313224.0
2	13	10	313224.0	313224.0
0	15	18	192990.0	192990.0
1	15	18	192990.0	192990.0
2	15	18	192990.0	192990.0
0	17	1	216666.0	216666.0
1	17	1	216666.0	216666.0
2	17	1	216666.0	216666.0
0	17	2	150156.0	150156.0
1	17	2	150156.0	150156.0
2	17	2	150156.0	150156.0
0	14	5	103644.0	103644.0
1	14	5	103644.0	103644.0
2	14	5	103644.0	103644.0
0	14	12	201096.0	201096.0
1	14	12	201096.0	201096.0
2	14	12	201096.0	201096.0
0	14	11	241152.0	241152.0
1	14	11	241152.0	241152.0
2	14	11	241152.0	241152.0
0	14	13	32142.0	32142.0
1	14	13	32142.0	32142.0
2	14	13	32142.0	32142.0
0	15	0	64584.0	64584.0
1	15	0	64584.0	64584.0
2	15	0	64584.0	64584.0
0	15	16	121506.0	121506.0
1	15	16	121506.0	121506.0
2	15	16	121506.0	121506.0
0	15	14	269556.0	269556.0
1	15	14	269556.0	269556.0
2	15	14	269556.0	269556.0
0	15	13	217860.0	217860.0
1	15	13	217860.0	217860.0
2	15	13	217860.0	217860.0
0	15	12	94494.0	94494.0
1	15	12	94494.0	94494.0
2	15	12	94494.0	94494.0
0	16	0	93984.0	93984.0
1	16	0	93984.0	93984.0
2	16	0	93984.0	93984.0
0	16	17	122508.0	122508.0
1	16	17	122508.0	122508.0
2	16	17	122508.0	122508.0
0	16	18	48942.0	48942.0
1	16	18	48942.0	48942.0
2	16	18	48942.0	48942.0
0	16	14	187512.0	187512.0
1	16	14	187512.0	187512.0
2	16	14	187512.0	187512.0
0	17	0	116472.0	116472.0
1	17	0	116472.0	116472.0
2	17	0	116472.0	116472.0
0	17	16	144228.0	144228.0
1	17	16	144228.0	144228.0
2	17	16	144228.0	144228.0
0	17	18	42312.0	42312.0
1	17	18	42312.0	42312.0
2	17	18	42312.0	42312.0
0	18	0	141126.0	141126.0
1	18	0	141126.0	141126.0
2	18	0	141126.0	141126.0
0	18	17	107592.0	107592.0
1	18	17	107592.0	107592.0
2	18	17	107592.0	107592.0
