-----------------------------------------------------
-----     Resultados    -----
-----------------------------------------------------

Parametro Deficit (alfa): 1.0
Parametro Exceso (beta):  1.0
Parametro de probabilidades (epsilon): 0.0
CPU time: 0.033
p	q	g Estimada	g Exacta	g Referencia	Deficit	Exceso
0	1	1345.0	1212.0	1212.0	0.0	 	133.0
0	2	71148.0	71148.0	71148.0	0.0	 	0.0
0	3	33156.0	33156.0	33156.0	0.0	 	0.0
0	4	75420.0	75420.0	75420.0	0.0	 	0.0
0	5	92400.0	92400.0	92400.0	0.0	 	0.0
0	6	74847.0	73620.0	73620.0	0.0	 	1227.0
0	7	32880.0	35772.0	32880.0	0.0	 	0.0
0	8	112692.0	112572.0	112570.0	0.0	 	122.0
0	9	87564.0	87564.0	87564.0	0.0	 	0.0
0	10	51732.0	50004.0	50004.0	0.0	 	1728.0
0	11	70716.0	70716.0	70716.0	0.0	 	0.0
0	12	31608.0	31608.0	31608.0	0.0	 	0.0
0	13	38130.0	37932.0	37932.0	0.0	 	198.0
0	14	9550.0	10380.0	9550.0	0.0	 	0.0
0	15	96132.0	96132.0	96132.0	0.0	 	0.0
0	16	72888.0	72888.0	72888.0	0.0	 	0.0
0	17	109480.0	109476.0	109480.0	0.0	 	0.0
0	18	112124.0	109620.0	109620.0	0.0	 	2504.0
0	19	40549.0	40548.0	40548.0	0.0	 	1.0
1	0	62568.0	62568.0	62568.0	0.0	 	0.0
1	2	81804.0	81804.0	81804.0	0.0	 	0.0
1	3	3480.0	3480.0	3480.0	0.0	 	0.0
1	4	26208.0	25668.0	23729.0	0.0	 	2479.0
1	5	39749.0	38976.0	35810.0	0.0	 	3939.0
1	6	38868.0	38868.0	36381.0	0.0	 	2487.0
1	7	45146.0	43704.0	43704.0	0.0	 	1442.0
1	8	47160.0	47160.0	47160.0	0.0	 	0.0
1	9	46128.0	46128.0	46128.0	0.0	 	0.0
1	10	73020.0	73020.0	73020.0	0.0	 	0.0
1	11	69516.0	69516.0	69516.0	0.0	 	0.0
1	12	52764.0	52764.0	52764.0	0.0	 	0.0
1	13	39852.0	39852.0	39852.0	0.0	 	0.0
1	14	16212.0	16212.0	16212.0	0.0	 	0.0
1	15	60660.0	60660.0	60660.0	0.0	 	0.0
1	16	54276.0	54276.0	54276.0	0.0	 	0.0
1	17	93738.0	93732.0	93732.0	0.0	 	6.0
1	18	80968.0	75696.0	75696.0	0.0	 	5272.0
1	19	48786.0	48780.0	48780.0	0.0	 	6.0
2	0	6512.0	5868.0	5868.0	0.0	 	644.0
2	1	48619.0	46428.0	46428.0	0.0	 	2191.0
2	3	112632.0	112632.0	101780.0	0.0	 	10852.0
2	4	23676.0	23676.0	23676.0	0.0	 	0.0
2	5	91356.0	91356.0	91356.0	0.0	 	0.0
2	6	65508.0	65508.0	65508.0	0.0	 	0.0
2	7	55140.0	55140.0	55140.0	0.0	 	0.0
2	8	86340.0	86340.0	86340.0	0.0	 	0.0
2	9	54864.0	54864.0	54864.0	0.0	 	0.0
2	10	34632.0	34632.0	34632.0	0.0	 	0.0
2	11	58500.0	58500.0	58500.0	0.0	 	0.0
2	12	40584.0	40584.0	40584.0	0.0	 	0.0
2	13	15072.0	15072.0	15072.0	0.0	 	0.0
2	14	92944.0	92940.0	92940.0	0.0	 	4.0
2	15	20328.0	20328.0	20328.0	0.0	 	0.0
2	16	61716.0	61716.0	61716.0	0.0	 	0.0
2	17	9864.0	9864.0	9864.0	0.0	 	0.0
2	18	51330.0	55716.0	51329.0	0.0	 	1.0
2	19	9610.0	9504.0	9504.0	0.0	 	106.0
3	0	118010.0	118008.0	118010.0	0.0	 	0.0
3	1	95018.0	94992.0	94992.0	0.0	 	26.0
3	2	100670.0	100668.0	100670.0	0.0	 	0.0
3	4	36108.0	36108.0	36108.0	0.0	 	0.0
3	5	63720.0	63720.0	63720.0	0.0	 	0.0
3	6	56616.0	56616.0	56616.0	0.0	 	0.0
3	7	84108.0	84108.0	84108.0	0.0	 	0.0
3	8	98496.0	98496.0	98496.0	0.0	 	0.0
3	9	4236.0	4236.0	4236.0	0.0	 	0.0
3	10	95879.0	95880.0	95880.0	1.0	 	0.0
3	11	113470.0	113472.0	113470.0	0.0	 	0.0
3	12	59389.0	59364.0	59364.0	0.0	 	25.0
3	13	114000.0	114000.0	114000.0	0.0	 	0.0
3	14	14292.0	14340.0	14292.0	0.0	 	0.0
3	15	41880.0	41880.0	41880.0	0.0	 	0.0
3	16	111960.0	111960.0	111960.0	0.0	 	0.0
3	17	118232.0	118236.0	118240.0	8.0	 	0.0
3	18	30096.0	30096.0	30096.0	0.0	 	0.0
3	19	28632.0	28632.0	28632.0	0.0	 	0.0
4	0	54648.0	54648.0	54648.0	0.0	 	0.0
4	1	33024.0	33024.0	33024.0	0.0	 	0.0
4	2	114820.0	114816.0	114820.0	0.0	 	0.0
4	3	71184.0	71184.0	71184.0	0.0	 	0.0
4	5	62880.0	62880.0	62880.0	0.0	 	0.0
4	6	22039.0	23952.0	22039.0	0.0	 	0.0
4	7	42687.0	41496.0	41496.0	0.0	 	1191.0
4	8	52416.0	52416.0	52416.0	0.0	 	0.0
4	9	83593.0	81864.0	81864.0	0.0	 	1729.0
4	10	66204.0	69660.0	64831.0	0.0	 	1373.0
4	11	50124.0	50124.0	50124.0	0.0	 	0.0
4	12	85200.0	85200.0	85200.0	0.0	 	0.0
4	13	102934.0	99108.0	99108.0	0.0	 	3826.0
4	14	10736.0	10536.0	10536.0	0.0	 	200.0
4	15	86991.0	88908.0	84651.0	0.0	 	2340.0
4	16	16872.0	16872.0	16872.0	0.0	 	0.0
4	17	36732.0	36732.0	36732.0	0.0	 	0.0
4	18	5908.0	6096.0	5908.0	0.0	 	0.0
4	19	76416.0	76428.0	70070.0	0.0	 	6346.0
5	0	7392.0	7392.0	7392.0	0.0	 	0.0
5	1	39624.0	39624.0	39624.0	0.0	 	0.0
5	2	116160.0	116160.0	116160.0	0.0	 	0.0
5	3	100285.0	100284.0	100280.0	0.0	 	5.0
5	4	111229.0	111228.0	111230.0	1.0	 	0.0
5	6	17515.0	17832.0	17515.0	0.0	 	0.0
5	7	23701.0	23700.0	23700.0	0.0	 	1.0
5	8	24025.0	24024.0	24024.0	0.0	 	1.0
5	9	117550.0	117552.0	117550.0	0.0	 	0.0
5	10	20686.0	20688.0	18822.0	0.0	 	1864.0
5	11	52044.0	52044.0	52044.0	0.0	 	0.0
5	12	34128.0	34128.0	34128.0	0.0	 	0.0
5	13	113010.0	112692.0	112690.0	0.0	 	320.0
5	14	114360.0	114360.0	114360.0	0.0	 	0.0
5	15	72972.0	72972.0	72972.0	0.0	 	0.0
5	16	48768.0	48768.0	48768.0	0.0	 	0.0
5	17	29244.0	29244.0	29244.0	0.0	 	0.0
5	18	68905.0	68904.0	68904.0	0.0	 	1.0
5	19	25476.0	25476.0	25476.0	0.0	 	0.0
6	0	14688.0	14688.0	14688.0	0.0	 	0.0
6	1	116290.0	116292.0	116290.0	0.0	 	0.0
6	2	55189.0	55188.0	55188.0	0.0	 	1.0
6	3	36326.0	34536.0	34536.0	0.0	 	1790.0
6	4	1139.0	1140.0	1140.0	1.0	 	0.0
6	5	44337.0	44340.0	44340.0	3.0	 	0.0
6	7	47790.0	46344.0	46344.0	0.0	 	1446.0
6	8	996.0	996.0	996.0	0.0	 	0.0
6	9	30038.0	29916.0	29916.0	0.0	 	122.0
6	10	115130.0	115128.0	115130.0	0.0	 	0.0
6	11	66392.0	66636.0	66389.0	0.0	 	3.0
6	12	91514.0	91512.0	91512.0	0.0	 	2.0
6	13	105353.0	109008.0	101290.0	0.0	 	4063.0
6	14	109417.0	109416.0	109420.0	3.0	 	0.0
6	15	39240.0	39240.0	39240.0	0.0	 	0.0
6	16	104640.0	104640.0	104640.0	0.0	 	0.0
6	17	65842.0	65844.0	65844.0	2.0	 	0.0
6	18	35480.0	35376.0	35113.0	0.0	 	367.0
6	19	39076.0	39276.0	36725.0	0.0	 	2351.0
7	0	109898.0	109704.0	99188.0	0.0	 	10710.0
7	1	90161.0	87648.0	87648.0	0.0	 	2513.0
7	2	86844.0	86844.0	86844.0	0.0	 	0.0
7	3	117790.0	117792.0	117790.0	0.0	 	0.0
7	4	84384.0	84384.0	84384.0	0.0	 	0.0
7	5	46009.0	46008.0	46008.0	0.0	 	1.0
7	6	54512.0	55932.0	53602.0	0.0	 	910.0
7	8	23508.0	23508.0	23508.0	0.0	 	0.0
7	9	12408.0	12408.0	12408.0	0.0	 	0.0
7	10	36152.0	35748.0	35748.0	0.0	 	404.0
7	11	64608.0	64608.0	64608.0	0.0	 	0.0
7	12	33192.0	33192.0	33192.0	0.0	 	0.0
7	13	76532.0	73884.0	68948.0	0.0	 	7584.0
7	14	48301.0	47964.0	47964.0	0.0	 	337.0
7	15	60276.0	60276.0	60276.0	0.0	 	0.0
7	16	71280.0	71280.0	71280.0	0.0	 	0.0
7	17	54576.0	54576.0	54576.0	0.0	 	0.0
7	18	71250.0	74196.0	71250.0	0.0	 	0.0
7	19	35928.0	35928.0	35928.0	0.0	 	0.0
8	0	89938.0	89940.0	89940.0	2.0	 	0.0
8	1	20592.0	20592.0	20592.0	0.0	 	0.0
8	2	1416.0	1416.0	1416.0	0.0	 	0.0
8	3	99156.0	99156.0	99156.0	0.0	 	0.0
8	4	15492.0	15492.0	15492.0	0.0	 	0.0
8	5	95182.0	93756.0	93756.0	0.0	 	1426.0
8	6	106010.0	106008.0	106010.0	0.0	 	0.0
8	7	93060.0	93060.0	93060.0	0.0	 	0.0
8	9	102660.0	102660.0	102660.0	0.0	 	0.0
8	10	51780.0	51780.0	51780.0	0.0	 	0.0
8	11	8018.0	7896.0	7896.0	0.0	 	122.0
8	12	104481.0	104484.0	104480.0	0.0	 	1.0
8	13	84432.0	84432.0	84432.0	0.0	 	0.0
8	14	76188.0	76188.0	76188.0	0.0	 	0.0
8	15	9602.0	9600.0	9600.0	0.0	 	2.0
8	16	24132.0	24132.0	24132.0	0.0	 	0.0
8	17	75528.0	75528.0	75528.0	0.0	 	0.0
8	18	46896.0	46896.0	46896.0	0.0	 	0.0
8	19	71496.0	71496.0	71496.0	0.0	 	0.0
9	0	2266.0	2460.0	2265.0	0.0	 	1.0
9	1	40869.0	40728.0	40728.0	0.0	 	141.0
9	2	44190.0	43992.0	43992.0	0.0	 	198.0
9	3	68424.0	68424.0	68424.0	0.0	 	0.0
9	4	90974.0	90972.0	90972.0	0.0	 	2.0
9	5	51972.0	51972.0	51972.0	0.0	 	0.0
9	6	29592.0	29592.0	29592.0	0.0	 	0.0
9	7	18941.0	18672.0	18672.0	0.0	 	269.0
9	8	106032.0	106032.0	104150.0	0.0	 	1882.0
9	10	92196.0	92196.0	92196.0	0.0	 	0.0
9	11	31966.0	31944.0	31214.0	0.0	 	752.0
9	12	7428.0	7428.0	7428.0	0.0	 	0.0
9	13	8280.0	8280.0	8280.0	0.0	 	0.0
9	14	96672.0	96672.0	96672.0	0.0	 	0.0
9	15	115040.0	115044.0	115040.0	0.0	 	0.0
9	16	97286.0	97284.0	97284.0	0.0	 	2.0
9	17	81876.0	81876.0	81876.0	0.0	 	0.0
9	18	86072.0	86112.0	77543.0	0.0	 	8529.0
9	19	79524.0	79524.0	79524.0	0.0	 	0.0
10	0	26016.0	26016.0	26016.0	0.0	 	0.0
10	1	51384.0	51384.0	51384.0	0.0	 	0.0
10	2	58248.0	58248.0	58248.0	0.0	 	0.0
10	3	108850.0	108852.0	108850.0	0.0	 	0.0
10	4	52560.0	52560.0	52560.0	0.0	 	0.0
10	5	54948.0	54948.0	54948.0	0.0	 	0.0
10	6	82500.0	82500.0	82500.0	0.0	 	0.0
10	7	75737.0	75468.0	75468.0	0.0	 	269.0
10	8	50184.0	50184.0	50184.0	0.0	 	0.0
10	9	14586.0	14580.0	14580.0	0.0	 	6.0
10	11	45420.0	45420.0	45420.0	0.0	 	0.0
10	12	84480.0	84480.0	84480.0	0.0	 	0.0
10	13	58404.0	58404.0	58404.0	0.0	 	0.0
10	14	105350.0	105348.0	105350.0	0.0	 	0.0
10	15	42936.0	42936.0	42936.0	0.0	 	0.0
10	16	74314.0	74316.0	67598.0	0.0	 	6716.0
10	17	113240.0	113244.0	113240.0	0.0	 	0.0
10	18	75864.0	75864.0	75864.0	0.0	 	0.0
10	19	74408.0	75732.0	70063.0	0.0	 	4345.0
11	0	46769.0	45216.0	45216.0	0.0	 	1553.0
11	1	7440.0	7440.0	7440.0	0.0	 	0.0
11	2	34709.0	32616.0	32616.0	0.0	 	2093.0
11	3	26496.0	26496.0	26496.0	0.0	 	0.0
11	4	73284.0	73284.0	73284.0	0.0	 	0.0
11	5	48672.0	48672.0	48672.0	0.0	 	0.0
11	6	5832.0	5832.0	5832.0	0.0	 	0.0
11	7	117530.0	118068.0	117530.0	0.0	 	0.0
11	8	10596.0	10596.0	10596.0	0.0	 	0.0
11	9	20849.0	20580.0	19547.0	0.0	 	1302.0
11	10	67302.0	67032.0	67032.0	0.0	 	270.0
11	12	30912.0	30912.0	30912.0	0.0	 	0.0
11	13	62688.0	62688.0	62688.0	0.0	 	0.0
11	14	13040.0	13044.0	12268.0	0.0	 	772.0
11	15	66732.0	66732.0	66732.0	0.0	 	0.0
11	16	107951.0	107952.0	107950.0	0.0	 	1.0
11	17	69912.0	69912.0	69912.0	0.0	 	0.0
11	18	106430.0	106428.0	106430.0	0.0	 	0.0
11	19	1212.0	1212.0	1212.0	0.0	 	0.0
12	0	108800.0	108804.0	108800.0	0.0	 	0.0
12	1	79884.0	79884.0	79884.0	0.0	 	0.0
12	2	101970.0	109452.0	101970.0	0.0	 	0.0
12	3	82955.0	81168.0	81168.0	0.0	 	1787.0
12	4	10848.0	10848.0	10848.0	0.0	 	0.0
12	5	29894.0	31320.0	29808.0	0.0	 	86.0
12	6	68028.0	68028.0	68028.0	0.0	 	0.0
12	7	3492.0	3492.0	3492.0	0.0	 	0.0
12	8	15264.0	13752.0	13752.0	0.0	 	1512.0
12	9	50532.0	50532.0	50532.0	0.0	 	0.0
12	10	24130.0	24132.0	24132.0	2.0	 	0.0
12	11	75217.0	71472.0	71472.0	0.0	 	3745.0
12	13	45876.0	45876.0	45876.0	0.0	 	0.0
12	14	101051.0	101052.0	101050.0	0.0	 	1.0
12	15	64668.0	64668.0	64668.0	0.0	 	0.0
12	16	47698.0	45744.0	45744.0	0.0	 	1954.0
12	17	58596.0	58596.0	58596.0	0.0	 	0.0
12	18	47868.0	47868.0	47868.0	0.0	 	0.0
12	19	76500.0	76500.0	76500.0	0.0	 	0.0
13	0	15804.0	15804.0	15804.0	0.0	 	0.0
13	1	37200.0	37200.0	37200.0	0.0	 	0.0
13	2	12408.0	12408.0	12408.0	0.0	 	0.0
13	3	92774.0	96348.0	92773.0	0.0	 	1.0
13	4	111530.0	111528.0	111530.0	0.0	 	0.0
13	5	114400.0	114396.0	114400.0	0.0	 	0.0
13	6	93468.0	93468.0	93468.0	0.0	 	0.0
13	7	27336.0	27336.0	27336.0	0.0	 	0.0
13	8	35820.0	35820.0	35820.0	0.0	 	0.0
13	9	38892.0	38892.0	38892.0	0.0	 	0.0
13	10	12954.0	11976.0	11976.0	0.0	 	978.0
13	11	68196.0	68196.0	68196.0	0.0	 	0.0
13	12	38484.0	38484.0	38484.0	0.0	 	0.0
13	14	17844.0	17844.0	17844.0	0.0	 	0.0
13	15	40176.0	40176.0	40176.0	0.0	 	0.0
13	16	106403.0	104616.0	104620.0	0.0	 	1783.0
13	17	4608.0	4608.0	4608.0	0.0	 	0.0
13	18	88810.0	88812.0	88812.0	2.0	 	0.0
13	19	72229.0	68856.0	68856.0	0.0	 	3373.0
14	0	46452.0	46452.0	46452.0	0.0	 	0.0
14	1	60792.0	60792.0	60792.0	0.0	 	0.0
14	2	108300.0	108300.0	108300.0	0.0	 	0.0
14	3	9936.0	9936.0	9936.0	0.0	 	0.0
14	4	78014.0	77292.0	77292.0	0.0	 	722.0
14	5	6535.0	6900.0	6535.0	0.0	 	0.0
14	6	18870.0	17088.0	17088.0	0.0	 	1782.0
14	7	116860.0	116856.0	116860.0	0.0	 	0.0
14	8	16170.0	16296.0	16170.0	0.0	 	0.0
14	9	7884.0	7884.0	7884.0	0.0	 	0.0
14	10	84564.0	84564.0	84564.0	0.0	 	0.0
14	11	14212.0	12804.0	12804.0	0.0	 	1408.0
14	12	42879.0	42816.0	42816.0	0.0	 	63.0
14	13	25407.0	25140.0	25140.0	0.0	 	267.0
14	15	17036.0	15348.0	15348.0	0.0	 	1688.0
14	16	78480.0	78480.0	78480.0	0.0	 	0.0
14	17	2796.0	2796.0	2796.0	0.0	 	0.0
14	18	49212.0	49212.0	49212.0	0.0	 	0.0
14	19	69150.0	73248.0	67593.0	0.0	 	1557.0
15	0	31968.0	31968.0	31968.0	0.0	 	0.0
15	1	115800.0	115800.0	115800.0	0.0	 	0.0
15	2	112360.0	112356.0	112360.0	0.0	 	0.0
15	3	70656.0	70656.0	70656.0	0.0	 	0.0
15	4	70104.0	70104.0	70104.0	0.0	 	0.0
15	5	62292.0	62292.0	62292.0	0.0	 	0.0
15	6	82812.0	82812.0	82812.0	0.0	 	0.0
15	7	62829.0	62292.0	62292.0	0.0	 	537.0
15	8	21312.0	21312.0	21312.0	0.0	 	0.0
15	9	60408.0	60408.0	60408.0	0.0	 	0.0
15	10	112300.0	112296.0	112300.0	0.0	 	0.0
15	11	97032.0	103692.0	97031.0	0.0	 	1.0
15	12	117600.0	117600.0	117600.0	0.0	 	0.0
15	13	102701.0	104616.0	101360.0	0.0	 	1341.0
15	14	120482.0	117252.0	117250.0	0.0	 	3232.0
15	16	111328.0	108000.0	108000.0	0.0	 	3328.0
15	17	23148.0	23148.0	21202.0	0.0	 	1946.0
15	18	108443.0	108348.0	108350.0	0.0	 	93.0
15	19	79617.0	77568.0	77568.0	0.0	 	2049.0
16	0	103788.0	103788.0	103790.0	2.0	 	0.0
16	1	91932.0	91932.0	91932.0	0.0	 	0.0
16	2	76857.0	71676.0	71676.0	0.0	 	5181.0
16	3	75528.0	75528.0	75528.0	0.0	 	0.0
16	4	34068.0	34068.0	34068.0	0.0	 	0.0
16	5	87348.0	87348.0	87348.0	0.0	 	0.0
16	6	74244.0	74244.0	74244.0	0.0	 	0.0
16	7	2796.0	2796.0	2796.0	0.0	 	0.0
16	8	59910.0	59784.0	57833.0	0.0	 	2077.0
16	9	8592.0	8592.0	8592.0	0.0	 	0.0
16	10	24540.0	24540.0	24540.0	0.0	 	0.0
16	11	24059.0	22776.0	22776.0	0.0	 	1283.0
16	12	42984.0	42984.0	42984.0	0.0	 	0.0
16	13	10512.0	10512.0	10512.0	0.0	 	0.0
16	14	1896.0	1872.0	1872.0	0.0	 	24.0
16	15	34056.0	34056.0	34056.0	0.0	 	0.0
16	17	55680.0	55680.0	55680.0	0.0	 	0.0
16	18	31283.0	31284.0	31284.0	1.0	 	0.0
16	19	57936.0	57936.0	57936.0	0.0	 	0.0
17	0	10236.0	10236.0	10236.0	0.0	 	0.0
17	1	96234.0	96120.0	96120.0	0.0	 	114.0
17	2	41390.0	45336.0	41390.0	0.0	 	0.0
17	3	68580.0	68580.0	68580.0	0.0	 	0.0
17	4	16380.0	16380.0	16380.0	0.0	 	0.0
17	5	53065.0	48888.0	48888.0	0.0	 	4177.0
17	6	94164.0	94164.0	88485.0	0.0	 	5679.0
17	7	72264.0	72264.0	72264.0	0.0	 	0.0
17	8	29806.0	29640.0	29640.0	0.0	 	166.0
17	9	76229.0	80520.0	76229.0	0.0	 	0.0
17	10	41688.0	41688.0	41688.0	0.0	 	0.0
17	11	76870.0	72900.0	72900.0	0.0	 	3970.0
17	12	35168.0	35172.0	32089.0	0.0	 	3079.0
17	13	10344.0	10344.0	10344.0	0.0	 	0.0
17	14	108600.0	108600.0	108600.0	0.0	 	0.0
17	15	51554.0	51552.0	51552.0	0.0	 	2.0
17	16	36664.0	36840.0	35054.0	0.0	 	1610.0
17	18	81312.0	81312.0	81312.0	0.0	 	0.0
17	19	97901.0	95928.0	95928.0	0.0	 	1973.0
18	0	12492.0	12492.0	12492.0	0.0	 	0.0
18	1	118303.0	115380.0	115380.0	0.0	 	2923.0
18	2	75138.0	74076.0	74076.0	0.0	 	1062.0
18	3	3732.0	3732.0	3732.0	0.0	 	0.0
18	4	25462.0	27264.0	25461.0	0.0	 	1.0
18	5	50879.0	55464.0	50879.0	0.0	 	0.0
18	6	77808.0	77808.0	77808.0	0.0	 	0.0
18	7	20940.0	20940.0	20940.0	0.0	 	0.0
18	8	45372.0	45624.0	44355.0	0.0	 	1017.0
18	9	67075.0	64512.0	64512.0	0.0	 	2563.0
18	10	76195.0	80448.0	76195.0	0.0	 	0.0
18	11	86556.0	86556.0	86556.0	0.0	 	0.0
18	12	74832.0	74832.0	74832.0	0.0	 	0.0
18	13	43620.0	43620.0	43620.0	0.0	 	0.0
18	14	63444.0	61044.0	61044.0	0.0	 	2400.0
18	15	56173.0	55272.0	55272.0	0.0	 	901.0
18	16	9873.0	10152.0	9873.0	0.0	 	0.0
18	17	100452.0	100452.0	100450.0	0.0	 	2.0
18	19	37562.0	33840.0	33840.0	0.0	 	3722.0
19	0	57744.0	57744.0	57744.0	0.0	 	0.0
19	1	1020.0	1020.0	1020.0	0.0	 	0.0
19	2	55694.0	54252.0	54252.0	0.0	 	1442.0
19	3	78360.0	78360.0	78360.0	0.0	 	0.0
19	4	66696.0	66696.0	66696.0	0.0	 	0.0
19	5	48768.0	48768.0	48768.0	0.0	 	0.0
19	6	56352.0	56352.0	56352.0	0.0	 	0.0
19	7	45636.0	45636.0	45636.0	0.0	 	0.0
19	8	52776.0	52776.0	52776.0	0.0	 	0.0
19	9	86100.0	86100.0	86100.0	0.0	 	0.0
19	10	111969.0	108696.0	108700.0	0.0	 	3269.0
19	11	96384.0	96384.0	93772.0	0.0	 	2612.0
19	12	113424.0	113424.0	104210.0	0.0	 	9214.0
19	13	30965.0	30084.0	27897.0	0.0	 	3068.0
19	14	90518.0	94488.0	87371.0	0.0	 	3147.0
19	15	13092.0	13092.0	13092.0	0.0	 	0.0
19	16	45480.0	45480.0	45480.0	0.0	 	0.0
19	17	34361.0	32376.0	31551.0	0.0	 	2810.0
19	18	30905.0	28920.0	28920.0	0.0	 	1985.0

l	i	j	v Observado	v Estimado
0	0	1	270036.0	270036.0
0	0	2	225774.0	225774.0
0	0	3	108492.0	108492.0
0	1	4	187524.0	187524.0
0	2	4	213576.0	213576.0
0	1	5	244392.0	244392.0
0	2	5	273120.0	273120.0
0	0	6	539184.0	539184.0
0	1	7	426216.0	426216.0
0	6	7	193608.0	193608.0
0	6	8	378438.0	378438.0
0	1	9	553434.0	553434.0
0	6	9	211548.0	211548.0
0	9	10	217680.0	217680.0
0	2	11	567966.0	567966.0
0	9	12	324870.0	324870.0
0	0	19	163662.0	163662.0
0	19	13	344178.0	344178.0
0	6	13	555414.0	555414.0
0	1	14	288942.0	288942.0
0	0	18	241158.0	241158.0
0	18	14	156756.0	156756.0
0	19	15	101652.0	101652.0
0	18	15	154386.0	154386.0
0	1	16	162000.0	162000.0
0	19	16	186828.0	186828.0
0	0	17	239370.0	239370.0
0	1	0	138084.0	138084.0
0	1	2	135996.0	135996.0
0	1	3	81840.0	81840.0
0	2	6	150240.0	150240.0
0	9	8	155598.0	155598.0
0	5	8	236724.0	236724.0
0	7	10	211938.0	211938.0
0	9	11	280500.0	280500.0
0	14	12	123570.0	123570.0
0	1	19	351252.0	351252.0
0	14	13	141060.0	141060.0
0	4	15	479568.0	479568.0
0	1	17	530616.0	530616.0
0	1	18	473622.0	473622.0
0	2	0	220002.0	220002.0
0	2	1	180690.0	180690.0
0	2	3	125880.0	125880.0
0	4	7	208242.0	208242.0
0	11	8	134052.0	134052.0
0	4	9	302886.0	302886.0
0	11	10	256578.0	256578.0
0	11	12	84570.0	84570.0
0	2	16	167148.0	167148.0
0	16	12	356076.0	356076.0
0	2	19	112716.0	112716.0
0	11	13	111252.0	111252.0
0	11	14	290508.0	290508.0
0	3	0	223194.0	223194.0
0	3	1	234816.0	234816.0
0	3	2	267600.0	267600.0
0	3	4	101220.0	101220.0
0	3	5	156642.0	156642.0
0	3	6	162864.0	162864.0
0	3	16	398310.0	398310.0
0	16	11	293466.0	293466.0
0	16	13	185574.0	185574.0
0	16	14	9042.0	9042.0
0	16	15	72030.0	72030.0
0	4	3	142272.0	142272.0
0	4	2	270030.0	270030.0
0	4	1	97920.0	97920.0
0	4	5	151380.0	151380.0
0	4	6	141120.0	141120.0
0	15	12	322866.0	322866.0
0	15	13	256896.0	256896.0
0	15	14	232266.0	232266.0
0	15	17	89100.0	89100.0
0	15	18	195720.0	195720.0
0	5	6	192996.0	192996.0
0	6	0	319182.0	319182.0
0	5	3	236838.0	236838.0
0	5	1	323016.0	323016.0
0	5	2	223434.0	223434.0
0	5	4	242976.0	242976.0
0	5	7	34044.0	34044.0
0	8	10	161904.0	161904.0
0	8	11	149700.0	149700.0
0	8	12	260724.0	260724.0
0	6	5	216882.0	216882.0
0	7	1	714498.0	714498.0
0	6	2	193272.0	193272.0
0	6	3	386568.0	386568.0
0	6	4	76524.0	76524.0
0	13	14	192570.0	192570.0
0	13	15	217104.0	217104.0
0	7	6	250044.0	250044.0
0	7	5	201786.0	201786.0
0	7	4	178686.0	178686.0
0	7	8	72408.0	72408.0
0	7	9	61308.0	61308.0
0	10	13	238902.0	238902.0
0	8	6	329700.0	329700.0
0	8	7	305022.0	305022.0
0	8	9	120702.0	120702.0
0	9	1	592440.0	592440.0
0	8	5	253158.0	253158.0
0	9	4	224586.0	224586.0
0	12	14	333330.0	333330.0
0	12	15	283530.0	283530.0
0	11	16	307236.0	307236.0
0	12	16	279504.0	279504.0
0	9	6	300078.0	300078.0
0	11	2	456792.0	456792.0
0	9	7	105438.0	105438.0
0	10	9	431778.0	431778.0
0	10	7	229362.0	229362.0
0	10	11	193500.0	193500.0
0	10	8	118908.0	118908.0
0	10	12	195780.0	195780.0
0	13	19	227970.0	227970.0
0	11	9	150576.0	150576.0
0	14	1	348324.0	348324.0
0	16	3	338244.0	338244.0
0	13	6	465918.0	465918.0
0	14	17	92580.0	92580.0
0	16	17	142530.0	142530.0
0	14	18	193992.0	193992.0
0	16	18	136392.0	136392.0
0	12	11	235002.0	235002.0
0	12	9	189546.0	189546.0
0	16	2	400470.0	400470.0
0	15	4	496494.0	496494.0
0	12	8	197598.0	197598.0
0	12	13	118140.0	118140.0
0	12	10	136578.0	136578.0
0	15	19	152442.0	152442.0
0	19	0	185778.0	185778.0
0	13	16	177594.0	177594.0
0	16	1	171228.0	171228.0
0	13	11	111756.0	111756.0
0	13	10	367176.0	367176.0
0	13	12	132552.0	132552.0
0	17	0	229794.0	229794.0
0	18	0	183270.0	183270.0
0	14	16	137598.0	137598.0
0	14	11	210618.0	210618.0
0	14	15	90618.0	90618.0
0	15	16	309252.0	309252.0
0	16	19	57936.0	57936.0
0	17	1	305982.0	305982.0
0	17	16	224334.0	224334.0
0	17	19	118596.0	118596.0
0	19	2	248058.0	248058.0
0	17	15	82500.0	82500.0
0	17	14	192294.0	192294.0
0	17	18	81312.0	81312.0
0	18	1	269928.0	269928.0
0	18	19	173136.0	173136.0
0	18	16	197184.0	197184.0
0	18	17	100452.0	100452.0
0	19	1	229668.0	229668.0
0	19	18	76164.0	76164.0
0	19	17	79620.0	79620.0
