-----------------------------------------------------
-----     Resultados    -----
-----------------------------------------------------

Parametro Deficit (alfa): 1.0
Parametro Exceso (beta):  1.0
Parametro de probabilidades (epsilon): 0.0
CPU time: 0.008
p	q	g Estimada	g Exacta	g Referencia	Deficit	Exceso
0	1	4164.0	4168.0	3752.0	0.0	 	412.0
0	2	14064.0	14064.0	14064.0	0.0	 	0.0
0	3	18376.0	18376.0	18376.0	0.0	 	0.0
0	4	22872.0	22872.0	22872.0	0.0	 	0.0
0	5	2888.0	2888.0	2888.0	0.0	 	0.0
0	6	14904.0	14904.0	14904.0	0.0	 	0.0
1	0	6192.0	6192.0	6192.0	0.0	 	0.0
1	2	9512.0	9408.0	9408.0	0.0	 	104.0
1	3	27270.0	27000.0	27000.0	0.0	 	270.0
1	4	19176.0	19176.0	19176.0	0.0	 	0.0
1	5	4760.0	4760.0	4760.0	0.0	 	0.0
1	6	16304.0	16304.0	16304.0	0.0	 	0.0
2	0	4816.0	4816.0	4816.0	0.0	 	0.0
2	1	16680.0	16680.0	16680.0	0.0	 	0.0
2	3	7378.0	7648.0	7377.0	-0.0	 	1.0
2	4	13656.0	13656.0	13656.0	0.0	 	0.0
2	5	14352.0	14352.0	14352.0	0.0	 	0.0
2	6	496.0	496.0	496.0	0.0	 	0.0
3	0	9032.0	9032.0	9032.0	0.0	 	0.0
3	1	7592.0	7592.0	7592.0	0.0	 	0.0
3	2	23042.0	22224.0	22224.0	0.0	 	818.0
3	4	3736.0	3736.0	3736.0	0.0	 	0.0
3	5	27216.0	27216.0	27216.0	0.0	 	0.0
3	6	19856.0	19856.0	19856.0	0.0	 	0.0
4	0	19344.0	19344.0	19344.0	0.0	 	0.0
4	1	15280.0	15280.0	15280.0	0.0	 	0.0
4	2	12412.0	12856.0	12412.0	0.0	 	0.0
4	3	11020.0	10576.0	10576.0	0.0	 	444.0
4	5	12472.0	12472.0	12472.0	0.0	 	0.0
4	6	20904.0	20904.0	20904.0	0.0	 	0.0
5	0	18286.0	18664.0	17963.0	-0.0	 	323.0
5	1	8250.0	7872.0	7872.0	0.0	 	378.0
5	2	760.0	760.0	760.0	0.0	 	0.0
5	3	25846.0	25472.0	25086.0	0.0	 	760.0
5	4	22150.0	21536.0	21536.0	0.0	 	614.0
5	6	26800.0	26800.0	26800.0	0.0	 	0.0
6	0	7574.0	7200.0	7200.0	0.0	 	374.0
6	1	12264.0	12264.0	12264.0	0.0	 	0.0
6	2	10612.0	11360.0	10612.0	0.0	 	0.0
6	3	14912.0	14912.0	14912.0	0.0	 	0.0
6	4	7762.0	8376.0	7761.0	-0.0	 	1.0
6	5	23724.0	22736.0	22736.0	0.0	 	988.0

l	i	j	v Observado	v Estimado
0	0	1	25844.0	25844.0
1	0	1	25844.0	25844.0
0	1	2	32870.0	32870.0
1	1	2	32870.0	32870.0
0	0	5	29242.0	29242.0
0	5	3	32600.0	32600.0
1	0	5	29242.0	29242.0
1	5	3	32600.0	32600.0
0	5	4	31186.0	31186.0
1	5	4	31186.0	31186.0
0	0	6	15728.0	15728.0
1	0	6	15728.0	15728.0
0	1	0	20954.0	20954.0
1	1	0	20954.0	20954.0
0	2	3	36246.0	36246.0
1	2	3	36246.0	36246.0
0	3	4	13490.0	13490.0
1	3	4	13490.0	13490.0
0	2	1	18488.0	18488.0
1	2	1	18488.0	18488.0
0	3	5	35352.0	35352.0
1	3	5	35352.0	35352.0
0	5	6	33904.0	33904.0
1	5	6	33904.0	33904.0
0	5	0	31276.0	31276.0
1	5	0	31276.0	31276.0
0	3	2	28376.0	28376.0
1	3	2	28376.0	28376.0
0	4	5	30180.0	30180.0
1	4	5	30180.0	30180.0
0	4	3	15536.0	15536.0
1	4	3	15536.0	15536.0
0	6	0	12572.0	12572.0
1	6	0	12572.0	12572.0
0	6	5	25852.0	25852.0
1	6	5	25852.0	25852.0
