-----------------------------------------------------
-----     Resultados    -----
-----------------------------------------------------

Parametro Deficit (alfa): 1.0
Parametro Exceso (beta):  1.0
Parametro de probabilidades (epsilon): 0.0
CPU time: 0.007
p	q	g Estimada	g Exacta	g Referencia	Deficit	Exceso
0	1	4956.0	4956.0	4956.0	-0.0	 	0.0
0	2	12472.0	11712.0	11712.0	-0.0	 	760.0
0	3	13896.0	13896.0	13896.0	0.0	 	0.0
0	4	3366.0	3366.0	3366.0	-0.0	 	0.0
0	5	2238.0	2238.0	2217.0	-0.0	 	21.0
0	6	20508.0	20508.0	20508.0	0.0	 	0.0
0	7	17640.0	17640.0	16194.0	-0.0	 	1446.0
1	0	11226.0	11226.0	11226.0	-0.0	 	0.0
1	2	18054.0	18054.0	18054.0	-0.0	 	0.0
1	3	7560.0	7560.0	7560.0	-0.0	 	0.0
1	4	23316.0	23316.0	23316.0	0.0	 	0.0
1	5	7878.0	7878.0	7878.0	0.0	 	0.0
1	6	9504.0	9504.0	9504.0	-0.0	 	0.0
1	7	8370.0	8370.0	8370.0	0.0	 	0.0
2	0	19998.0	19998.0	19998.0	-0.0	 	0.0
2	1	16944.0	16944.0	16944.0	-0.0	 	0.0
2	3	20478.0	20478.0	20478.0	-0.0	 	0.0
2	4	90.0	90.0	90.0	-0.0	 	0.0
2	5	5550.0	5550.0	5550.0	-0.0	 	0.0
2	6	4674.0	4674.0	4674.0	-0.0	 	0.0
2	7	22302.0	22302.0	22302.0	0.0	 	0.0
3	0	7080.0	7080.0	7080.0	0.0	 	0.0
3	1	1938.0	1938.0	1938.0	0.0	 	0.0
3	2	16038.0	16038.0	16038.0	-0.0	 	0.0
3	4	19200.0	19200.0	19200.0	-0.0	 	0.0
3	5	11964.0	11964.0	11964.0	-0.0	 	0.0
3	6	22698.0	22698.0	22698.0	-0.0	 	0.0
3	7	8142.0	8142.0	7565.0	-0.0	 	577.0
4	0	15516.0	15516.0	15516.0	-0.0	 	0.0
4	1	6246.0	6246.0	6246.0	0.0	 	0.0
4	2	2676.0	2676.0	2676.0	-0.0	 	0.0
4	3	20730.0	20730.0	20730.0	-0.0	 	0.0
4	5	15798.0	15798.0	15798.0	-0.0	 	0.0
4	6	21114.0	21114.0	21114.0	-0.0	 	0.0
4	7	10860.0	10860.0	10860.0	-0.0	 	0.0
5	0	15148.0	14388.0	14388.0	-0.0	 	760.0
5	1	6.0	6.0	6.0	0.0	 	0.0
5	2	11456.0	12216.0	11456.0	-0.0	 	0.0
5	3	9228.0	9228.0	9228.0	-0.0	 	0.0
5	4	11262.0	11262.0	11262.0	-0.0	 	0.0
5	6	13992.0	13992.0	13992.0	-0.0	 	0.0
5	7	13020.0	13020.0	13020.0	0.0	 	0.0
6	0	4272.0	4272.0	4272.0	0.0	 	0.0
6	1	3396.0	3396.0	3396.0	-0.0	 	0.0
6	2	22992.0	22992.0	22992.0	-0.0	 	0.0
6	3	23494.0	23844.0	22340.0	-0.0	 	1154.0
6	4	13578.0	13578.0	13578.0	-0.0	 	0.0
6	5	19440.0	19440.0	18472.0	-0.0	 	968.0
6	7	20504.0	20154.0	20154.0	-0.0	 	350.0
7	0	15078.0	15078.0	15078.0	-0.0	 	0.0
7	1	1818.0	1818.0	1684.0	0.0	 	134.0
7	2	6084.0	6084.0	6084.0	0.0	 	0.0
7	3	22862.0	22512.0	20597.0	-0.0	 	2265.0
7	4	23388.0	23388.0	23388.0	-0.0	 	0.0
7	5	8604.0	8604.0	8604.0	0.0	 	0.0
7	6	16284.0	16284.0	16284.0	-0.0	 	0.0

l	i	j	v Observado	v Estimado
0	0	1	12704.0	12704.0
0	0	2	33918.0	33918.0
0	0	7	53270.0	53270.0
0	7	3	79734.0	79734.0
0	2	3	57885.0	57885.0
0	0	5	37889.0	37889.0
0	5	4	49092.0	49092.0
0	1	6	29138.0	29138.0
0	7	6	51029.0	51029.0
0	5	6	51578.0	51578.0
0	1	0	32432.0	32432.0
0	1	2	60264.0	60264.0
0	3	4	66300.0	66300.0
0	6	5	42683.0	42683.0
0	6	7	56117.0	56117.0
0	2	0	40239.0	40239.0
0	2	1	26679.0	26679.0
0	3	7	56391.0	56391.0
0	3	2	30357.0	30357.0
0	7	0	28295.0	28295.0
0	4	5	67515.0	67515.0
0	5	0	50057.0	50057.0
0	4	3	46617.0	46617.0
0	6	1	31847.0	31847.0
