-----------------------------------------------------
-----     Resultados    -----
-----------------------------------------------------

Parametro Deficit (alfa): 1.0
Parametro Exceso (beta):  1.0
Parametro de probabilidades (epsilon): 0.0
CPU time: 0.003
p	q	g Estimada	g Exacta	g Referencia	Deficit	Exceso
0	1	17940.0	17940.0	17940.0	0.0	 	0.0
0	2	4908.0	4908.0	4908.0	0.0	 	0.0
0	3	39384.0	39384.0	39384.0	0.0	 	0.0
0	4	43857.0	42564.0	42564.0	0.0	 	1293.0
0	5	46200.0	46200.0	46200.0	0.0	 	0.0
0	6	31488.0	33912.0	31484.0	0.0	 	4.0
0	7	20004.0	20004.0	20004.0	0.0	 	0.0
0	8	37287.0	36024.0	36024.0	0.0	 	1263.0
1	0	31563.0	30816.0	30816.0	0.0	 	747.0
1	2	39876.0	39876.0	39876.0	0.0	 	0.0
1	3	12732.0	12732.0	12732.0	0.0	 	0.0
1	4	33489.0	32820.0	32820.0	0.0	 	669.0
1	5	31302.0	33276.0	31300.0	0.0	 	2.0
1	6	30282.0	29028.0	29028.0	0.0	 	1254.0
1	7	22092.0	22092.0	22092.0	0.0	 	0.0
1	8	51720.0	51720.0	51720.0	0.0	 	0.0
2	0	18264.0	18264.0	18264.0	0.0	 	0.0
2	1	50808.0	50808.0	50808.0	0.0	 	0.0
2	3	50400.0	50400.0	50400.0	0.0	 	0.0
2	4	38232.0	38232.0	38232.0	0.0	 	0.0
2	5	40779.0	40728.0	40728.0	0.0	 	51.0
2	6	2808.0	2808.0	2808.0	0.0	 	0.0
2	7	16656.0	16656.0	16656.0	0.0	 	0.0
2	8	13101.0	13152.0	13100.0	0.0	 	1.0
3	0	17604.0	17604.0	17604.0	0.0	 	0.0
3	1	12864.0	12864.0	12864.0	0.0	 	0.0
3	2	34200.0	34200.0	34200.0	0.0	 	0.0
3	4	50403.0	50688.0	50402.0	0.0	 	1.0
3	5	41013.0	40728.0	40728.0	0.0	 	285.0
3	6	42516.0	42516.0	42516.0	0.0	 	0.0
3	7	52044.0	52044.0	52044.0	0.0	 	0.0
3	8	18780.0	18780.0	18780.0	0.0	 	0.0
4	0	21732.0	21732.0	21732.0	0.0	 	0.0
4	1	19452.0	19452.0	19452.0	0.0	 	0.0
4	2	10896.0	10896.0	10896.0	0.0	 	0.0
4	3	44631.0	44580.0	44580.0	0.0	 	51.0
4	5	42882.0	41244.0	41244.0	0.0	 	1638.0
4	6	25287.0	25284.0	25284.0	0.0	 	3.0
4	7	19779.0	19824.0	19038.0	0.0	 	741.0
4	8	36336.0	36336.0	36336.0	0.0	 	0.0
5	0	51900.0	51900.0	51900.0	0.0	 	0.0
5	1	45084.0	45084.0	45084.0	0.0	 	0.0
5	2	21324.0	21324.0	21324.0	0.0	 	0.0
5	3	10572.0	10572.0	10572.0	0.0	 	0.0
5	4	48708.0	48708.0	48708.0	0.0	 	0.0
5	6	44688.0	44688.0	44688.0	0.0	 	0.0
5	7	5820.0	5820.0	5820.0	0.0	 	0.0
5	8	48000.0	48000.0	48000.0	0.0	 	0.0
6	0	21228.0	22620.0	21227.0	0.0	 	1.0
6	1	28308.0	27612.0	27612.0	0.0	 	696.0
6	2	41052.0	41052.0	41052.0	0.0	 	0.0
6	3	5973.0	6024.0	5971.0	0.0	 	2.0
6	4	43596.0	43464.0	43464.0	0.0	 	132.0
6	5	38208.0	38208.0	34893.0	0.0	 	3315.0
6	7	7485.0	6744.0	6744.0	0.0	 	741.0
6	8	25068.0	25068.0	25068.0	0.0	 	0.0
7	0	41100.0	40404.0	40404.0	0.0	 	696.0
7	1	37656.0	37656.0	37656.0	0.0	 	0.0
7	2	37500.0	37500.0	37500.0	0.0	 	0.0
7	3	11184.0	11184.0	11184.0	0.0	 	0.0
7	4	15600.0	15600.0	15600.0	0.0	 	0.0
7	5	14268.0	14268.0	14268.0	0.0	 	0.0
7	6	37626.0	36264.0	35547.0	0.0	 	2079.0
7	8	51024.0	51024.0	51024.0	0.0	 	0.0
8	0	16749.0	16668.0	16668.0	0.0	 	81.0
8	1	19860.0	19860.0	19860.0	0.0	 	0.0
8	2	24372.0	24372.0	24372.0	0.0	 	0.0
8	3	53184.0	53184.0	53184.0	0.0	 	0.0
8	4	9462.0	9624.0	9457.0	0.0	 	5.0
8	5	21000.0	21000.0	21000.0	0.0	 	0.0
8	6	14055.0	14124.0	14054.0	0.0	 	1.0
8	7	54954.0	53592.0	53592.0	0.0	 	1362.0

l	i	j	v Observado	v Estimado
0	0	1	93722.0	93722.0
1	0	1	93722.0	93722.0
2	0	1	93722.0	93722.0
0	1	2	55232.0	55232.0
1	1	2	55232.0	55232.0
2	1	2	55232.0	55232.0
0	2	3	50062.0	50062.0
1	2	3	50062.0	50062.0
2	2	3	50062.0	50062.0
0	1	4	95240.0	95240.0
1	1	4	95240.0	95240.0
2	1	4	95240.0	95240.0
0	4	5	67392.0	67392.0
1	4	5	67392.0	67392.0
2	4	5	67392.0	67392.0
0	4	6	78464.0	78464.0
1	4	6	78464.0	78464.0
2	4	6	78464.0	78464.0
0	0	8	61596.0	61596.0
0	8	7	58818.0	58818.0
0	7	6	66126.0	66126.0
1	0	8	61596.0	61596.0
1	8	7	58818.0	58818.0
1	7	6	66126.0	66126.0
2	0	8	61596.0	61596.0
2	8	7	58818.0	58818.0
2	7	6	66126.0	66126.0
0	1	0	87810.0	87810.0
1	1	0	87810.0	87810.0
2	1	0	87810.0	87810.0
0	4	3	63964.0	63964.0
1	4	3	63964.0	63964.0
2	4	3	63964.0	63964.0
0	6	7	71914.0	71914.0
1	6	7	71914.0	71914.0
2	6	7	71914.0	71914.0
0	2	1	62210.0	62210.0
1	2	1	62210.0	62210.0
2	2	1	62210.0	62210.0
0	3	4	76414.0	76414.0
1	3	4	76414.0	76414.0
2	3	4	76414.0	76414.0
0	3	2	51400.0	51400.0
1	3	2	51400.0	51400.0
2	3	2	51400.0	51400.0
0	4	1	75322.0	75322.0
1	4	1	75322.0	75322.0
2	4	1	75322.0	75322.0
0	7	8	80314.0	80314.0
1	7	8	80314.0	80314.0
2	7	8	80314.0	80314.0
0	5	4	59196.0	59196.0
1	5	4	59196.0	59196.0
2	5	4	59196.0	59196.0
0	5	6	32836.0	32836.0
1	5	6	32836.0	32836.0
2	5	6	32836.0	32836.0
0	8	0	60532.0	60532.0
1	8	0	60532.0	60532.0
2	8	0	60532.0	60532.0
0	6	4	75076.0	75076.0
1	6	4	75076.0	75076.0
2	6	4	75076.0	75076.0
0	6	5	24492.0	24492.0
1	6	5	24492.0	24492.0
2	6	5	24492.0	24492.0
