-----------------------------------------------------
-----     Resultados    -----
-----------------------------------------------------

Parametro Deficit (alfa): 1.0
Parametro Exceso (beta):  1.0
Parametro de probabilidades (epsilon): 0.0
CPU time: 0.004
p	q	g Estimada	g Exacta	g Referencia	Deficit	Exceso
0	1	1747.0	1740.0	1740.0	0.0	 	7.0
0	2	7436.0	7436.0	7436.0	0.0	 	0.0
0	3	4200.0	4200.0	4200.0	0.0	 	0.0
0	4	3116.0	3116.0	3116.0	0.0	 	0.0
0	5	13780.0	13780.0	13780.0	0.0	 	0.0
0	6	8694.0	8708.0	7880.0	0.0	 	814.0
0	7	2343.0	2112.0	2112.0	0.0	 	231.0
0	8	14336.0	14560.0	13525.0	0.0	 	811.0
1	0	10508.0	10508.0	10508.0	0.0	 	0.0
1	2	6923.0	6868.0	6642.0	0.0	 	281.0
1	3	1070.0	1180.0	1069.0	0.0	 	1.0
1	4	11381.0	11056.0	11056.0	0.0	 	325.0
1	5	2696.0	2696.0	2696.0	0.0	 	0.0
1	6	15452.0	15452.0	15452.0	0.0	 	0.0
1	7	16160.0	16160.0	16160.0	0.0	 	0.0
1	8	10555.0	10392.0	10392.0	0.0	 	163.0
2	0	13528.0	13528.0	13528.0	0.0	 	0.0
2	1	4667.0	4280.0	4280.0	0.0	 	387.0
2	3	6892.0	6484.0	6484.0	0.0	 	408.0
2	4	7486.0	8192.0	7485.0	0.0	 	1.0
2	5	14724.0	14804.0	14724.0	0.0	 	0.0
2	6	12850.0	12680.0	12680.0	0.0	 	170.0
2	7	10104.0	10104.0	10104.0	0.0	 	0.0
2	8	972.0	972.0	972.0	0.0	 	0.0
3	0	13420.0	13420.0	13420.0	0.0	 	0.0
3	1	2384.0	2632.0	2384.0	0.0	 	0.0
3	2	2120.0	1996.0	1996.0	0.0	 	124.0
3	4	10593.0	10196.0	10196.0	0.0	 	397.0
3	5	4336.0	4256.0	4256.0	0.0	 	80.0
3	6	9256.0	9256.0	9256.0	0.0	 	0.0
3	7	7496.0	7496.0	7496.0	0.0	 	0.0
3	8	3720.0	3720.0	3720.0	0.0	 	0.0
4	0	17972.0	17972.0	17972.0	0.0	 	0.0
4	1	1135.0	1024.0	1024.0	0.0	 	111.0
4	2	11552.0	11552.0	11552.0	0.0	 	0.0
4	3	4428.0	4428.0	4428.0	0.0	 	0.0
4	5	3016.0	3016.0	3016.0	0.0	 	0.0
4	6	3940.0	3940.0	3940.0	0.0	 	0.0
4	7	9412.0	9412.0	9412.0	0.0	 	0.0
4	8	6478.0	6804.0	6477.0	0.0	 	1.0
5	0	6460.0	6460.0	6460.0	0.0	 	0.0
5	1	15256.0	15256.0	15256.0	0.0	 	0.0
5	2	9276.0	9276.0	9276.0	0.0	 	0.0
5	3	5936.0	5936.0	5936.0	0.0	 	0.0
5	4	7240.0	7240.0	7240.0	0.0	 	0.0
5	6	17616.0	17616.0	17616.0	0.0	 	0.0
5	7	16840.0	16840.0	16840.0	0.0	 	0.0
5	8	15028.0	15028.0	15028.0	0.0	 	0.0
6	0	17044.0	17044.0	17044.0	0.0	 	0.0
6	1	3156.0	2980.0	2980.0	0.0	 	176.0
6	2	5636.0	5636.0	5636.0	0.0	 	0.0
6	3	1484.0	1484.0	1484.0	0.0	 	0.0
6	4	5685.0	5128.0	5128.0	0.0	 	557.0
6	5	16457.0	16232.0	16232.0	0.0	 	225.0
6	7	16884.0	16884.0	16884.0	0.0	 	0.0
6	8	7595.0	7432.0	7432.0	0.0	 	163.0
7	0	6615.0	6616.0	6326.0	0.0	 	289.0
7	1	5156.0	5156.0	5156.0	0.0	 	0.0
7	2	3228.0	3228.0	3228.0	0.0	 	0.0
7	3	14151.0	14096.0	14096.0	0.0	 	55.0
7	4	13696.0	14484.0	13335.0	0.0	 	361.0
7	5	11276.0	11276.0	11276.0	0.0	 	0.0
7	6	9741.0	8776.0	8776.0	0.0	 	965.0
7	8	16641.0	16640.0	16640.0	0.0	 	1.0
8	0	12381.0	12380.0	12380.0	0.0	 	1.0
8	1	13240.0	13240.0	13240.0	0.0	 	0.0
8	2	9696.0	9696.0	9696.0	0.0	 	0.0
8	3	15416.0	15416.0	15416.0	0.0	 	0.0
8	4	12564.0	12564.0	12564.0	0.0	 	0.0
8	5	3831.0	4056.0	3831.0	0.0	 	0.0
8	6	10744.0	10744.0	10744.0	0.0	 	0.0
8	7	13085.0	13084.0	13084.0	0.0	 	1.0

l	i	j	v Observado	v Estimado
0	0	1	75744.0	75744.0
0	1	2	43888.0	43888.0
0	2	3	28130.0	28130.0
0	1	4	96986.0	96986.0
0	4	5	38552.0	38552.0
0	4	6	80984.0	80984.0
0	0	8	50784.0	50784.0
0	8	7	61472.0	61472.0
0	7	6	85968.0	85968.0
0	1	0	100168.0	100168.0
0	4	3	56544.0	56544.0
0	6	7	100008.0	100008.0
0	2	1	72008.0	72008.0
0	3	4	43528.0	43528.0
0	3	2	40894.0	40894.0
0	4	1	65286.0	65286.0
0	7	8	63692.0	63692.0
0	5	4	44168.0	44168.0
0	5	6	49484.0	49484.0
0	8	0	68636.0	68636.0
0	6	4	70512.0	70512.0
0	6	5	31564.0	31564.0
