-----------------------------------------------------
-----     Resultados para Ejemplo Peque   -----
-----------------------------------------------------

Parametro Deficit (alfa): 1.0
Parametro Exceso (beta):  1.0
Parametro de probabilidades (epsilon): 0.02
CPU time: 0.011
p	q	g Estimada	g Exacta	g Referencia	Deficit	Exceso
0	1	10602.0	10602.0	10602.0	0	 	0
0	2	73296.0	73296.0	73296.0	0	 	0
0	3	61956.0	61956.0	61956.0	0	 	0
0	4	72216.0	72216.0	72216.0	0	 	0
0	5	75096.0	75096.0	75096.0	0	 	0
0	6	86256.0	86256.0	86256.0	0	 	0
0	7	9198.0	9198.0	9198.0	0	 	0
0	8	46926.0	46926.0	46926.0	0	 	0
0	9	29448.0	29448.0	29448.0	0	 	0
1	0	19152.0	19152.0	19152.0	0	 	0
1	2	68094.0	68094.0	68094.0	0	 	0
1	3	29736.0	29736.0	29736.0	0	 	0
1	4	51354.0	51354.0	51354.0	0	 	0
1	5	87282.0	87282.0	87282.0	0	 	0
1	6	16488.0	16488.0	16488.0	0	 	0
1	7	41112.0	41112.0	41112.0	0	 	0
1	8	41922.0	41922.0	41922.0	0	 	0
1	9	60462.0	60462.0	60462.0	0	 	0
2	0	89838.0	89838.0	89838.0	0	 	0
2	1	27864.0	27864.0	27864.0	0	 	0
2	3	68256.0	68256.0	68256.0	0	 	0
2	4	47016.0	47016.0	47016.0	0	 	0
2	5	51498.0	51498.0	51498.0	0	 	0
2	6	36882.0	36882.0	36882.0	0	 	0
2	7	77706.0	77706.0	77706.0	0	 	0
2	8	42336.0	42336.0	42336.0	0	 	0
2	9	19386.0	19386.0	19386.0	0	 	0
3	0	73944.0	73944.0	73944.0	0	 	0
3	1	78534.0	78534.0	78534.0	0	 	0
3	2	35928.0	35928.0	35928.0	0	 	0
3	4	68022.0	68022.0	68022.0	0	 	0
3	5	56106.0	56106.0	56106.0	0	 	0
3	6	48852.0	48852.0	48852.0	0	 	0
3	7	31896.0	31896.0	31896.0	0	 	0
3	8	46566.0	46566.0	46566.0	0	 	0
3	9	27414.0	27414.0	27414.0	0	 	0
4	0	78948.0	78948.0	78948.0	0	 	0
4	1	53046.0	53046.0	53046.0	0	 	0
4	2	71028.0	71028.0	71028.0	0	 	0
4	3	684.0	684.0	684.0	0	 	0
4	5	74646.0	74646.0	74646.0	0	 	0
4	6	63126.0	63126.0	63126.0	0	 	0
4	7	73296.0	73296.0	73296.0	0	 	0
4	8	75546.0	75546.0	75546.0	0	 	0
4	9	15354.0	15354.0	15354.0	0	 	0
5	0	67752.0	67752.0	67752.0	0	 	0
5	1	83268.0	83268.0	83268.0	0	 	0
5	2	84744.0	84744.0	84744.0	0	 	0
5	3	45594.0	45594.0	45594.0	0	 	0
5	4	26280.0	26280.0	26280.0	0	 	0
5	6	27270.0	27270.0	27270.0	0	 	0
5	7	28170.0	28170.0	28170.0	0	 	0
5	8	52182.0	52182.0	52182.0	0	 	0
5	9	53568.0	53568.0	53568.0	0	 	0
6	0	20124.0	20124.0	20124.0	0	 	0
6	1	81612.0	81612.0	81612.0	0	 	0
6	2	7704.0	7704.0	7704.0	0	 	0
6	3	66708.0	66708.0	66708.0	0	 	0
6	4	46494.0	46494.0	46494.0	0	 	0
6	5	7776.0	7776.0	7776.0	0	 	0
6	7	16632.0	16632.0	16632.0	0	 	0
6	8	16452.0	16452.0	16452.0	0	 	0
6	9	39348.0	39348.0	39348.0	0	 	0
7	0	31788.0	31788.0	31788.0	0	 	0
7	1	2754.0	2754.0	2754.0	0	 	0
7	2	47124.0	47124.0	47124.0	0	 	0
7	3	31176.0	31176.0	31176.0	0	 	0
7	4	83844.0	83844.0	83844.0	0	 	0
7	5	6480.0	6480.0	6480.0	0	 	0
7	6	28476.0	28476.0	28476.0	0	 	0
7	8	26946.0	26946.0	26946.0	0	 	0
7	9	59940.0	59940.0	59940.0	0	 	0
8	0	38052.0	38052.0	38052.0	0	 	0
8	1	22356.0	22356.0	22356.0	0	 	0
8	2	44244.0	44244.0	44244.0	0	 	0
8	3	15750.0	15750.0	15750.0	0	 	0
8	4	42966.0	42966.0	42966.0	0	 	0
8	5	66222.0	66222.0	66222.0	0	 	0
8	6	32202.0	32202.0	32202.0	0	 	0
8	7	13086.0	13086.0	13086.0	0	 	0
8	9	15588.0	15588.0	15588.0	0	 	0
9	0	15138.0	15138.0	15138.0	0	 	0
9	1	86256.0	86256.0	86256.0	0	 	0
9	2	64782.0	64782.0	64782.0	0	 	0
9	3	33264.0	33264.0	33264.0	0	 	0
9	4	33912.0	33912.0	33912.0	0	 	0
9	5	87390.0	87390.0	87390.0	0	 	0
9	6	36612.0	36612.0	36612.0	0	 	0
9	7	86058.0	86058.0	86058.0	0	 	0
9	8	60048.0	60048.0	60048.0	0	 	0

l	i	j	v Observado	v Estimado
0	0	1	129114.0	129114.0
1	0	1	129114.0	129114.0
2	0	1	129114.0	129114.0
0	0	1	129114.0	129114.0
0	1	2	100746.0	100746.0
1	0	1	129114.0	129114.0
1	1	2	100746.0	100746.0
2	0	1	129114.0	129114.0
2	1	2	100746.0	100746.0
0	0	4	145872.0	145872.0
0	4	3	81297.0	81297.0
1	0	4	145872.0	145872.0
1	4	3	81297.0	81297.0
2	0	4	145872.0	145872.0
2	4	3	81297.0	81297.0
0	0	6	76308.0	76308.0
0	6	3	78765.0	78765.0
1	0	6	76308.0	76308.0
1	6	3	78765.0	78765.0
2	0	6	76308.0	76308.0
2	6	3	78765.0	78765.0
0	0	4	145872.0	145872.0
1	0	4	145872.0	145872.0
2	0	4	145872.0	145872.0
0	0	4	145872.0	145872.0
0	4	5	120570.0	120570.0
1	0	4	145872.0	145872.0
1	4	5	120570.0	120570.0
2	0	4	145872.0	145872.0
2	4	5	120570.0	120570.0
0	0	6	76308.0	76308.0
0	6	5	62442.0	62442.0
1	0	6	76308.0	76308.0
1	6	5	62442.0	62442.0
2	0	6	76308.0	76308.0
2	6	5	62442.0	62442.0
0	0	6	76308.0	76308.0
1	0	6	76308.0	76308.0
2	0	6	76308.0	76308.0
0	0	7	76317.0	76317.0
1	0	7	76317.0	76317.0
2	0	7	76317.0	76317.0
0	0	9	146505.0	146505.0
0	9	8	89214.0	89214.0
1	0	9	147327.0	147327.0
1	9	8	90036.0	90036.0
2	0	9	143217.0	143217.0
2	9	8	85926.0	85926.0
0	0	7	76317.0	76317.0
0	7	8	72249.0	72249.0
1	0	7	76317.0	76317.0
1	7	8	72249.0	72249.0
2	0	7	76317.0	76317.0
2	7	8	72249.0	72249.0
0	0	9	146505.0	146505.0
1	0	9	147327.0	147327.0
2	0	9	143217.0	143217.0
0	1	0	116949.0	116949.0
1	1	0	117771.0	117771.0
2	1	0	113661.0	113661.0
0	1	2	100746.0	100746.0
1	1	2	100746.0	100746.0
2	1	2	100746.0	100746.0
0	1	2	100746.0	100746.0
0	2	3	76428.0	76428.0
1	1	2	100746.0	100746.0
1	2	3	76428.0	76428.0
2	1	2	100746.0	100746.0
2	2	3	76428.0	76428.0
0	1	4	67587.0	67587.0
0	4	3	81297.0	81297.0
1	1	4	67587.0	67587.0
1	4	3	81297.0	81297.0
2	1	4	67587.0	67587.0
2	4	3	81297.0	81297.0
0	1	4	67587.0	67587.0
1	1	4	67587.0	67587.0
2	1	4	67587.0	67587.0
0	1	4	67587.0	67587.0
0	4	5	120570.0	120570.0
1	1	4	67587.0	67587.0
1	4	5	120570.0	120570.0
2	1	4	67587.0	67587.0
2	4	5	120570.0	120570.0
0	1	0	116949.0	116949.0
0	0	6	76308.0	76308.0
1	1	0	117771.0	117771.0
1	0	6	76308.0	76308.0
2	1	0	113661.0	113661.0
2	0	6	76308.0	76308.0
0	1	0	116949.0	116949.0
0	0	7	76317.0	76317.0
1	1	0	117771.0	117771.0
1	0	7	76317.0	76317.0
2	1	0	113661.0	113661.0
2	0	7	76317.0	76317.0
0	1	0	116949.0	116949.0
0	0	9	146505.0	146505.0
0	9	8	89214.0	89214.0
1	1	0	117771.0	117771.0
1	0	9	147327.0	147327.0
1	9	8	90036.0	90036.0
2	1	0	113661.0	113661.0
2	0	9	143217.0	143217.0
2	9	8	85926.0	85926.0
0	1	0	116949.0	116949.0
0	0	9	146505.0	146505.0
1	1	0	117771.0	117771.0
1	0	9	147327.0	147327.0
2	1	0	113661.0	113661.0
2	0	9	143217.0	143217.0
0	2	1	95211.0	95211.0
0	1	0	116949.0	116949.0
1	2	1	95211.0	95211.0
1	1	0	117771.0	117771.0
2	2	1	95211.0	95211.0
2	1	0	113661.0	113661.0
0	2	1	95211.0	95211.0
1	2	1	95211.0	95211.0
2	2	1	95211.0	95211.0
0	2	3	76428.0	76428.0
1	2	3	76428.0	76428.0
2	2	3	76428.0	76428.0
0	2	1	95211.0	95211.0
0	1	4	67587.0	67587.0
1	2	1	95211.0	95211.0
1	1	4	67587.0	67587.0
2	2	1	95211.0	95211.0
2	1	4	67587.0	67587.0
0	2	3	76428.0	76428.0
0	3	4	79578.0	79578.0
1	2	3	76428.0	76428.0
1	3	4	79578.0	79578.0
2	2	3	76428.0	76428.0
2	3	4	79578.0	79578.0
0	2	1	95211.0	95211.0
0	1	4	67587.0	67587.0
0	4	5	120570.0	120570.0
1	2	1	95211.0	95211.0
1	1	4	67587.0	67587.0
1	4	5	120570.0	120570.0
2	2	1	95211.0	95211.0
2	1	4	67587.0	67587.0
2	4	5	120570.0	120570.0
0	2	3	76428.0	76428.0
0	3	6	112011.0	112011.0
0	6	5	62442.0	62442.0
1	2	3	76428.0	76428.0
1	3	6	112011.0	112011.0
1	6	5	62442.0	62442.0
2	2	3	76428.0	76428.0
2	3	6	112011.0	112011.0
2	6	5	62442.0	62442.0
0	2	3	76428.0	76428.0
0	3	6	112011.0	112011.0
1	2	3	76428.0	76428.0
1	3	6	112011.0	112011.0
2	2	3	76428.0	76428.0
2	3	6	112011.0	112011.0
0	2	1	95211.0	95211.0
0	1	0	116949.0	116949.0
0	0	7	76317.0	76317.0
1	2	1	95211.0	95211.0
1	1	0	117771.0	117771.0
1	0	7	76317.0	76317.0
2	2	1	95211.0	95211.0
2	1	0	113661.0	113661.0
2	0	7	76317.0	76317.0
0	2	3	76428.0	76428.0
0	3	6	112011.0	112011.0
0	6	7	83973.0	83973.0
1	2	3	76428.0	76428.0
1	3	6	112011.0	112011.0
1	6	7	83973.0	83973.0
2	2	3	76428.0	76428.0
2	3	6	112011.0	112011.0
2	6	7	83973.0	83973.0
0	2	1	95211.0	95211.0
0	1	0	116949.0	116949.0
0	0	9	146505.0	146505.0
0	9	8	89214.0	89214.0
1	2	1	95211.0	95211.0
1	1	0	117771.0	117771.0
1	0	9	147327.0	147327.0
1	9	8	90036.0	90036.0
2	2	1	95211.0	95211.0
2	1	0	113661.0	113661.0
2	0	9	143217.0	143217.0
2	9	8	85926.0	85926.0
0	2	3	76428.0	76428.0
0	3	6	112011.0	112011.0
0	6	7	83973.0	83973.0
0	7	8	72249.0	72249.0
1	2	3	76428.0	76428.0
1	3	6	112011.0	112011.0
1	6	7	83973.0	83973.0
1	7	8	72249.0	72249.0
2	2	3	76428.0	76428.0
2	3	6	112011.0	112011.0
2	6	7	83973.0	83973.0
2	7	8	72249.0	72249.0
0	2	1	95211.0	95211.0
0	1	0	116949.0	116949.0
0	0	9	146505.0	146505.0
1	2	1	95211.0	95211.0
1	1	0	117771.0	117771.0
1	0	9	147327.0	147327.0
2	2	1	95211.0	95211.0
2	1	0	113661.0	113661.0
2	0	9	143217.0	143217.0
0	3	4	79578.0	79578.0
0	4	0	138672.0	138672.0
1	3	4	79578.0	79578.0
1	4	0	138672.0	138672.0
2	3	4	79578.0	79578.0
2	4	0	138672.0	138672.0
0	3	6	112011.0	112011.0
0	6	0	75810.0	75810.0
1	3	6	112011.0	112011.0
1	6	0	75810.0	75810.0
2	3	6	112011.0	112011.0
2	6	0	75810.0	75810.0
0	3	2	82947.0	82947.0
0	2	1	95211.0	95211.0
1	3	2	82947.0	82947.0
1	2	1	95211.0	95211.0
2	3	2	82947.0	82947.0
2	2	1	95211.0	95211.0
0	3	4	79578.0	79578.0
0	4	1	70365.0	70365.0
1	3	4	79578.0	79578.0
1	4	1	70365.0	70365.0
2	3	4	79578.0	79578.0
2	4	1	70365.0	70365.0
0	3	2	82947.0	82947.0
1	3	2	82947.0	82947.0
2	3	2	82947.0	82947.0
0	3	4	79578.0	79578.0
1	3	4	79578.0	79578.0
2	3	4	79578.0	79578.0
0	3	4	79578.0	79578.0
0	4	5	120570.0	120570.0
1	3	4	79578.0	79578.0
1	4	5	120570.0	120570.0
2	3	4	79578.0	79578.0
2	4	5	120570.0	120570.0
0	3	6	112011.0	112011.0
0	6	5	62442.0	62442.0
1	3	6	112011.0	112011.0
1	6	5	62442.0	62442.0
2	3	6	112011.0	112011.0
2	6	5	62442.0	62442.0
0	3	6	112011.0	112011.0
1	3	6	112011.0	112011.0
2	3	6	112011.0	112011.0
0	3	6	112011.0	112011.0
0	6	7	83973.0	83973.0
1	3	6	112011.0	112011.0
1	6	7	83973.0	83973.0
2	3	6	112011.0	112011.0
2	6	7	83973.0	83973.0
0	3	6	112011.0	112011.0
0	6	7	83973.0	83973.0
0	7	8	72249.0	72249.0
1	3	6	112011.0	112011.0
1	6	7	83973.0	83973.0
1	7	8	72249.0	72249.0
2	3	6	112011.0	112011.0
2	6	7	83973.0	83973.0
2	7	8	72249.0	72249.0
0	3	4	79578.0	79578.0
0	4	0	138672.0	138672.0
0	0	9	146505.0	146505.0
1	3	4	79578.0	79578.0
1	4	0	138672.0	138672.0
1	0	9	147327.0	147327.0
2	3	4	79578.0	79578.0
2	4	0	138672.0	138672.0
2	0	9	143217.0	143217.0
0	4	0	138672.0	138672.0
1	4	0	138672.0	138672.0
2	4	0	138672.0	138672.0
0	4	1	70365.0	70365.0
1	4	1	70365.0	70365.0
2	4	1	70365.0	70365.0
0	4	3	81297.0	81297.0
0	3	2	82947.0	82947.0
1	4	3	81297.0	81297.0
1	3	2	82947.0	82947.0
2	4	3	81297.0	81297.0
2	3	2	82947.0	82947.0
0	4	1	70365.0	70365.0
0	1	2	100746.0	100746.0
1	4	1	70365.0	70365.0
1	1	2	100746.0	100746.0
2	4	1	70365.0	70365.0
2	1	2	100746.0	100746.0
0	4	3	81297.0	81297.0
1	4	3	81297.0	81297.0
2	4	3	81297.0	81297.0
0	4	5	120570.0	120570.0
1	4	5	120570.0	120570.0
2	4	5	120570.0	120570.0
0	4	3	81297.0	81297.0
0	3	6	112011.0	112011.0
1	4	3	81297.0	81297.0
1	3	6	112011.0	112011.0
2	4	3	81297.0	81297.0
2	3	6	112011.0	112011.0
0	4	5	120570.0	120570.0
0	5	6	61779.0	61779.0
1	4	5	120570.0	120570.0
1	5	6	61779.0	61779.0
2	4	5	120570.0	120570.0
2	5	6	61779.0	61779.0
0	4	0	138672.0	138672.0
0	0	6	76308.0	76308.0
1	4	0	138672.0	138672.0
1	0	6	76308.0	76308.0
2	4	0	138672.0	138672.0
2	0	6	76308.0	76308.0
0	4	0	138672.0	138672.0
0	0	7	76317.0	76317.0
1	4	0	138672.0	138672.0
1	0	7	76317.0	76317.0
2	4	0	138672.0	138672.0
2	0	7	76317.0	76317.0
0	4	0	138672.0	138672.0
0	0	9	146505.0	146505.0
0	9	8	89214.0	89214.0
1	4	0	138672.0	138672.0
1	0	9	147327.0	147327.0
1	9	8	90036.0	90036.0
2	4	0	138672.0	138672.0
2	0	9	143217.0	143217.0
2	9	8	85926.0	85926.0
0	4	0	138672.0	138672.0
0	0	9	146505.0	146505.0
1	4	0	138672.0	138672.0
1	0	9	147327.0	147327.0
2	4	0	138672.0	138672.0
2	0	9	143217.0	143217.0
0	5	4	106677.0	106677.0
0	4	0	138672.0	138672.0
1	5	4	106677.0	106677.0
1	4	0	138672.0	138672.0
2	5	4	106677.0	106677.0
2	4	0	138672.0	138672.0
0	5	6	61779.0	61779.0
0	6	0	75810.0	75810.0
1	5	6	61779.0	61779.0
1	6	0	75810.0	75810.0
2	5	6	61779.0	61779.0
2	6	0	75810.0	75810.0
0	5	4	106677.0	106677.0
0	4	1	70365.0	70365.0
1	5	4	106677.0	106677.0
1	4	1	70365.0	70365.0
2	5	4	106677.0	106677.0
2	4	1	70365.0	70365.0
0	5	4	106677.0	106677.0
0	4	3	81297.0	81297.0
0	3	2	82947.0	82947.0
1	5	4	106677.0	106677.0
1	4	3	81297.0	81297.0
1	3	2	82947.0	82947.0
2	5	4	106677.0	106677.0
2	4	3	81297.0	81297.0
2	3	2	82947.0	82947.0
0	5	4	106677.0	106677.0
0	4	3	81297.0	81297.0
1	5	4	106677.0	106677.0
1	4	3	81297.0	81297.0
2	5	4	106677.0	106677.0
2	4	3	81297.0	81297.0
0	5	6	61779.0	61779.0
0	6	3	78765.0	78765.0
1	5	6	61779.0	61779.0
1	6	3	78765.0	78765.0
2	5	6	61779.0	61779.0
2	6	3	78765.0	78765.0
0	5	4	106677.0	106677.0
1	5	4	106677.0	106677.0
2	5	4	106677.0	106677.0
0	5	6	61779.0	61779.0
1	5	6	61779.0	61779.0
2	5	6	61779.0	61779.0
0	5	6	61779.0	61779.0
0	6	7	83973.0	83973.0
1	5	6	61779.0	61779.0
1	6	7	83973.0	83973.0
2	5	6	61779.0	61779.0
2	6	7	83973.0	83973.0
0	5	6	61779.0	61779.0
0	6	7	83973.0	83973.0
0	7	8	72249.0	72249.0
1	5	6	61779.0	61779.0
1	6	7	83973.0	83973.0
1	7	8	72249.0	72249.0
2	5	6	61779.0	61779.0
2	6	7	83973.0	83973.0
2	7	8	72249.0	72249.0
0	5	4	106677.0	106677.0
0	4	0	138672.0	138672.0
0	0	9	146505.0	146505.0
1	5	4	106677.0	106677.0
1	4	0	138672.0	138672.0
1	0	9	147327.0	147327.0
2	5	4	106677.0	106677.0
2	4	0	138672.0	138672.0
2	0	9	143217.0	143217.0
0	6	0	75810.0	75810.0
1	6	0	75810.0	75810.0
2	6	0	75810.0	75810.0
0	6	0	75810.0	75810.0
0	0	1	129114.0	129114.0
1	6	0	75810.0	75810.0
1	0	1	129114.0	129114.0
2	6	0	75810.0	75810.0
2	0	1	129114.0	129114.0
0	6	3	78765.0	78765.0
0	3	2	82947.0	82947.0
1	6	3	78765.0	78765.0
1	3	2	82947.0	82947.0
2	6	3	78765.0	78765.0
2	3	2	82947.0	82947.0
0	6	3	78765.0	78765.0
1	6	3	78765.0	78765.0
2	6	3	78765.0	78765.0
0	6	5	62442.0	62442.0
0	5	4	106677.0	106677.0
1	6	5	62442.0	62442.0
1	5	4	106677.0	106677.0
2	6	5	62442.0	62442.0
2	5	4	106677.0	106677.0
0	6	3	78765.0	78765.0
0	3	4	79578.0	79578.0
1	6	3	78765.0	78765.0
1	3	4	79578.0	79578.0
2	6	3	78765.0	78765.0
2	3	4	79578.0	79578.0
0	6	0	75810.0	75810.0
0	0	4	145872.0	145872.0
1	6	0	75810.0	75810.0
1	0	4	145872.0	145872.0
2	6	0	75810.0	75810.0
2	0	4	145872.0	145872.0
0	6	5	62442.0	62442.0
1	6	5	62442.0	62442.0
2	6	5	62442.0	62442.0
0	6	7	83973.0	83973.0
1	6	7	83973.0	83973.0
2	6	7	83973.0	83973.0
0	6	7	83973.0	83973.0
0	7	8	72249.0	72249.0
1	6	7	83973.0	83973.0
1	7	8	72249.0	72249.0
2	6	7	83973.0	83973.0
2	7	8	72249.0	72249.0
0	6	0	75810.0	75810.0
0	0	9	146505.0	146505.0
1	6	0	75810.0	75810.0
1	0	9	147327.0	147327.0
2	6	0	75810.0	75810.0
2	0	9	143217.0	143217.0
0	7	0	85422.0	85422.0
1	7	0	85422.0	85422.0
2	7	0	85422.0	85422.0
0	7	0	85422.0	85422.0
0	0	1	129114.0	129114.0
1	7	0	85422.0	85422.0
1	0	1	129114.0	129114.0
2	7	0	85422.0	85422.0
2	0	1	129114.0	129114.0
0	7	6	75330.0	75330.0
0	6	3	78765.0	78765.0
0	3	2	82947.0	82947.0
1	7	6	75330.0	75330.0
1	6	3	78765.0	78765.0
1	3	2	82947.0	82947.0
2	7	6	75330.0	75330.0
2	6	3	78765.0	78765.0
2	3	2	82947.0	82947.0
0	7	0	85422.0	85422.0
0	0	1	129114.0	129114.0
0	1	2	100746.0	100746.0
1	7	0	85422.0	85422.0
1	0	1	129114.0	129114.0
1	1	2	100746.0	100746.0
2	7	0	85422.0	85422.0
2	0	1	129114.0	129114.0
2	1	2	100746.0	100746.0
0	7	6	75330.0	75330.0
0	6	3	78765.0	78765.0
1	7	6	75330.0	75330.0
1	6	3	78765.0	78765.0
2	7	6	75330.0	75330.0
2	6	3	78765.0	78765.0
0	7	0	85422.0	85422.0
0	0	4	145872.0	145872.0
1	7	0	85422.0	85422.0
1	0	4	145872.0	145872.0
2	7	0	85422.0	85422.0
2	0	4	145872.0	145872.0
0	7	6	75330.0	75330.0
0	6	5	62442.0	62442.0
1	7	6	75330.0	75330.0
1	6	5	62442.0	62442.0
2	7	6	75330.0	75330.0
2	6	5	62442.0	62442.0
0	7	6	75330.0	75330.0
1	7	6	75330.0	75330.0
2	7	6	75330.0	75330.0
0	7	8	72249.0	72249.0
1	7	8	72249.0	72249.0
2	7	8	72249.0	72249.0
0	7	8	72249.0	72249.0
0	8	9	28902.0	28902.0
1	7	8	72249.0	72249.0
1	8	9	28902.0	28902.0
2	7	8	72249.0	72249.0
2	8	9	28902.0	28902.0
0	7	0	85422.0	85422.0
0	0	9	146505.0	146505.0
1	7	0	85422.0	85422.0
1	0	9	147327.0	147327.0
2	7	0	85422.0	85422.0
2	0	9	143217.0	143217.0
0	8	7	92253.0	92253.0
0	7	0	85422.0	85422.0
1	8	7	92253.0	92253.0
1	7	0	85422.0	85422.0
2	8	7	92253.0	92253.0
2	7	0	85422.0	85422.0
0	8	9	28902.0	28902.0
0	9	0	147177.0	147177.0
1	8	9	28902.0	28902.0
1	9	0	147177.0	147177.0
2	8	9	28902.0	28902.0
2	9	0	147177.0	147177.0
0	8	7	92253.0	92253.0
0	7	0	85422.0	85422.0
0	0	1	129114.0	129114.0
1	8	7	92253.0	92253.0
1	7	0	85422.0	85422.0
1	0	1	129114.0	129114.0
2	8	7	92253.0	92253.0
2	7	0	85422.0	85422.0
2	0	1	129114.0	129114.0
0	8	7	92253.0	92253.0
0	7	6	75330.0	75330.0
0	6	3	78765.0	78765.0
0	3	2	82947.0	82947.0
1	8	7	92253.0	92253.0
1	7	6	75330.0	75330.0
1	6	3	78765.0	78765.0
1	3	2	82947.0	82947.0
2	8	7	92253.0	92253.0
2	7	6	75330.0	75330.0
2	6	3	78765.0	78765.0
2	3	2	82947.0	82947.0
0	8	9	28902.0	28902.0
0	9	0	147177.0	147177.0
0	0	1	129114.0	129114.0
0	1	2	100746.0	100746.0
1	8	9	28902.0	28902.0
1	9	0	147177.0	147177.0
1	0	1	129114.0	129114.0
1	1	2	100746.0	100746.0
2	8	9	28902.0	28902.0
2	9	0	147177.0	147177.0
2	0	1	129114.0	129114.0
2	1	2	100746.0	100746.0
0	8	7	92253.0	92253.0
0	7	6	75330.0	75330.0
0	6	3	78765.0	78765.0
1	8	7	92253.0	92253.0
1	7	6	75330.0	75330.0
1	6	3	78765.0	78765.0
2	8	7	92253.0	92253.0
2	7	6	75330.0	75330.0
2	6	3	78765.0	78765.0
0	8	7	92253.0	92253.0
0	7	0	85422.0	85422.0
0	0	4	145872.0	145872.0
1	8	7	92253.0	92253.0
1	7	0	85422.0	85422.0
1	0	4	145872.0	145872.0
2	8	7	92253.0	92253.0
2	7	0	85422.0	85422.0
2	0	4	145872.0	145872.0
0	8	7	92253.0	92253.0
0	7	6	75330.0	75330.0
0	6	5	62442.0	62442.0
1	8	7	92253.0	92253.0
1	7	6	75330.0	75330.0
1	6	5	62442.0	62442.0
2	8	7	92253.0	92253.0
2	7	6	75330.0	75330.0
2	6	5	62442.0	62442.0
0	8	7	92253.0	92253.0
0	7	6	75330.0	75330.0
1	8	7	92253.0	92253.0
1	7	6	75330.0	75330.0
2	8	7	92253.0	92253.0
2	7	6	75330.0	75330.0
0	8	7	92253.0	92253.0
1	8	7	92253.0	92253.0
2	8	7	92253.0	92253.0
0	8	9	28902.0	28902.0
1	8	9	28902.0	28902.0
2	8	9	28902.0	28902.0
0	9	0	147177.0	147177.0
1	9	0	147177.0	147177.0
2	9	0	147177.0	147177.0
0	9	0	147177.0	147177.0
0	0	1	129114.0	129114.0
1	9	0	147177.0	147177.0
1	0	1	129114.0	129114.0
2	9	0	147177.0	147177.0
2	0	1	129114.0	129114.0
0	9	0	147177.0	147177.0
0	0	1	129114.0	129114.0
0	1	2	100746.0	100746.0
1	9	0	147177.0	147177.0
1	0	1	129114.0	129114.0
1	1	2	100746.0	100746.0
2	9	0	147177.0	147177.0
2	0	1	129114.0	129114.0
2	1	2	100746.0	100746.0
0	9	0	147177.0	147177.0
0	0	4	145872.0	145872.0
0	4	3	81297.0	81297.0
1	9	0	147177.0	147177.0
1	0	4	145872.0	145872.0
1	4	3	81297.0	81297.0
2	9	0	147177.0	147177.0
2	0	4	145872.0	145872.0
2	4	3	81297.0	81297.0
0	9	0	147177.0	147177.0
0	0	4	145872.0	145872.0
1	9	0	147177.0	147177.0
1	0	4	145872.0	145872.0
2	9	0	147177.0	147177.0
2	0	4	145872.0	145872.0
0	9	0	147177.0	147177.0
0	0	4	145872.0	145872.0
0	4	5	120570.0	120570.0
1	9	0	147177.0	147177.0
1	0	4	145872.0	145872.0
1	4	5	120570.0	120570.0
2	9	0	147177.0	147177.0
2	0	4	145872.0	145872.0
2	4	5	120570.0	120570.0
0	9	0	147177.0	147177.0
0	0	6	76308.0	76308.0
1	9	0	147177.0	147177.0
1	0	6	76308.0	76308.0
2	9	0	147177.0	147177.0
2	0	6	76308.0	76308.0
0	9	8	89214.0	89214.0
0	8	7	92253.0	92253.0
1	9	8	90036.0	90036.0
1	8	7	92253.0	92253.0
2	9	8	85926.0	85926.0
2	8	7	92253.0	92253.0
0	9	0	147177.0	147177.0
0	0	7	76317.0	76317.0
1	9	0	147177.0	147177.0
1	0	7	76317.0	76317.0
2	9	0	147177.0	147177.0
2	0	7	76317.0	76317.0
0	9	8	89214.0	89214.0
1	9	8	90036.0	90036.0
2	9	8	85926.0	85926.0
