-----------------------------------------------------
-----     Resultados para Ejemplo Peque   -----
-----------------------------------------------------

Parametro Deficit (alfa): 1.0
Parametro Exceso (beta):  1.0
Parametro de probabilidades (epsilon): 0.02
CPU time: 0.017
p	q	g Estimada	g Exacta	g Referencia	Deficit	Exceso
0	1	43182.0	43182.0	43182.0	0	 	0
0	2	58050.0	58050.0	58050.0	0	 	0
0	3	96858.0	96858.0	96858.0	0	 	0
0	4	35262.0	35262.0	35262.0	0	 	0
0	5	3078.0	3078.0	3078.0	0	 	0
0	6	96444.0	96444.0	96444.0	0	 	0
0	7	9450.0	9450.0	9450.0	0	 	0
0	8	9738.0	9738.0	9738.0	0	 	0
0	9	75420.0	75420.0	75420.0	0	 	0
0	10	43434.0	43434.0	43434.0	0	 	0
1	0	97272.0	97272.0	97272.0	0	 	0
1	2	24174.0	24174.0	24174.0	0	 	0
1	3	30870.0	30870.0	30870.0	0	 	0
1	4	36144.0	36144.0	36144.0	0	 	0
1	5	31266.0	31266.0	31266.0	0	 	0
1	6	83448.0	83448.0	83448.0	0	 	0
1	7	1440.0	1440.0	1440.0	0	 	0
1	8	10440.0	10440.0	10440.0	0	 	0
1	9	34596.0	34596.0	34596.0	0	 	0
1	10	48744.0	48744.0	48744.0	0	 	0
2	0	77886.0	77886.0	77886.0	0	 	0
2	1	40554.0	40554.0	40554.0	0	 	0
2	3	94176.0	94176.0	94176.0	0	 	0
2	4	17100.0	17100.0	17100.0	0	 	0
2	5	24480.0	24480.0	24480.0	0	 	0
2	6	18342.0	18342.0	18342.0	0	 	0
2	7	11772.0	11772.0	11772.0	0	 	0
2	8	52776.0	52776.0	52776.0	0	 	0
2	9	22842.0	22842.0	22842.0	0	 	0
2	10	63414.0	63414.0	63414.0	0	 	0
3	0	24606.0	24606.0	24606.0	0	 	0
3	1	68616.0	68616.0	68616.0	0	 	0
3	2	96066.0	96066.0	96066.0	0	 	0
3	4	6246.0	6246.0	6246.0	0	 	0
3	5	70272.0	70272.0	70272.0	0	 	0
3	6	73098.0	73098.0	73098.0	0	 	0
3	7	20898.0	20898.0	20898.0	0	 	0
3	8	29178.0	29178.0	29178.0	0	 	0
3	9	60570.0	60570.0	60570.0	0	 	0
3	10	19782.0	19782.0	19782.0	0	 	0
4	0	62532.0	62532.0	62532.0	0	 	0
4	1	98118.0	98118.0	98118.0	0	 	0
4	2	13050.0	13050.0	13050.0	0	 	0
4	3	95040.0	95040.0	95040.0	0	 	0
4	5	37026.0	37026.0	37026.0	0	 	0
4	6	23454.0	23454.0	23454.0	0	 	0
4	7	89190.0	89190.0	89190.0	0	 	0
4	8	7164.0	7164.0	7164.0	0	 	0
4	9	50472.0	50472.0	50472.0	0	 	0
4	10	96210.0	96210.0	96210.0	0	 	0
5	0	33084.0	33084.0	33084.0	0	 	0
5	1	64782.0	64782.0	64782.0	0	 	0
5	2	74952.0	74952.0	74952.0	0	 	0
5	3	41832.0	41832.0	41832.0	0	 	0
5	4	91926.0	91926.0	91926.0	0	 	0
5	6	88920.0	88920.0	88920.0	0	 	0
5	7	62028.0	62028.0	62028.0	0	 	0
5	8	94986.0	94986.0	94986.0	0	 	0
5	9	28854.0	28854.0	28854.0	0	 	0
5	10	85212.0	85212.0	85212.0	0	 	0
6	0	21060.0	21060.0	21060.0	0	 	0
6	1	50958.0	50958.0	50958.0	0	 	0
6	2	3204.0	3204.0	3204.0	0	 	0
6	3	27504.0	27504.0	27504.0	0	 	0
6	4	10170.0	10170.0	10170.0	0	 	0
6	5	18288.0	18288.0	18288.0	0	 	0
6	7	13140.0	13140.0	13140.0	0	 	0
6	8	76086.0	76086.0	76086.0	0	 	0
6	9	93204.0	93204.0	93204.0	0	 	0
6	10	7416.0	7416.0	7416.0	0	 	0
7	0	42354.0	42354.0	42354.0	0	 	0
7	1	94806.0	94806.0	94806.0	0	 	0
7	2	35244.0	35244.0	35244.0	0	 	0
7	3	71784.0	71784.0	71784.0	0	 	0
7	4	51390.0	51390.0	51390.0	0	 	0
7	5	22608.0	22608.0	22608.0	0	 	0
7	6	53676.0	53676.0	53676.0	0	 	0
7	8	87264.0	87264.0	87264.0	0	 	0
7	9	65628.0	65628.0	65628.0	0	 	0
7	10	93078.0	93078.0	93078.0	0	 	0
8	0	9972.0	9972.0	9972.0	0	 	0
8	1	65898.0	65898.0	65898.0	0	 	0
8	2	64728.0	64728.0	64728.0	0	 	0
8	3	44604.0	44604.0	44604.0	0	 	0
8	4	19854.0	19854.0	19854.0	0	 	0
8	5	40536.0	40536.0	40536.0	0	 	0
8	6	52920.0	52920.0	52920.0	0	 	0
8	7	58680.0	58680.0	58680.0	0	 	0
8	9	28818.0	28818.0	28818.0	0	 	0
8	10	49500.0	49500.0	49500.0	0	 	0
9	0	41742.0	41742.0	41742.0	0	 	0
9	1	42030.0	42030.0	42030.0	0	 	0
9	2	79452.0	79452.0	79452.0	0	 	0
9	3	70506.0	70506.0	70506.0	0	 	0
9	4	9108.0	9108.0	9108.0	0	 	0
9	5	38736.0	38736.0	38736.0	0	 	0
9	6	36810.0	36810.0	36810.0	0	 	0
9	7	94806.0	94806.0	94806.0	0	 	0
9	8	45126.0	45126.0	45126.0	0	 	0
9	10	32130.0	32130.0	32130.0	0	 	0
10	0	24372.0	24372.0	24372.0	0	 	0
10	1	58338.0	58338.0	58338.0	0	 	0
10	2	7974.0	7974.0	7974.0	0	 	0
10	3	73422.0	73422.0	73422.0	0	 	0
10	4	86886.0	86886.0	86886.0	0	 	0
10	5	900.0	900.0	900.0	0	 	0
10	6	49392.0	49392.0	49392.0	0	 	0
10	7	45684.0	45684.0	45684.0	0	 	0
10	8	16686.0	16686.0	16686.0	0	 	0
10	9	9882.0	9882.0	9882.0	0	 	0

l	i	j	v Observado	v Estimado
0	0	1	35644.0	35644.0
1	0	1	35644.0	35644.0
2	0	1	35644.0	35644.0
0	0	2	29064.0	29064.0
1	0	2	29064.0	29064.0
2	0	2	29064.0	29064.0
0	0	3	59336.0	59336.0
1	0	3	59336.0	59336.0
2	0	3	59336.0	59336.0
0	0	4	33805.0	33805.0
1	0	4	33805.0	33805.0
2	0	4	33805.0	33805.0
0	0	7	17772.0	17772.0
0	7	5	42000.0	42000.0
1	0	7	17772.0	17772.0
1	7	5	42000.0	42000.0
2	0	7	17772.0	17772.0
2	7	5	42000.0	42000.0
0	0	3	59336.0	59336.0
0	3	5	36786.0	36786.0
1	0	3	59336.0	59336.0
1	3	5	36786.0	36786.0
2	0	3	59336.0	59336.0
2	3	5	36786.0	36786.0
0	0	4	33805.0	33805.0
0	4	5	28788.0	28788.0
1	0	4	33805.0	33805.0
1	4	5	28788.0	28788.0
2	0	4	33805.0	33805.0
2	4	5	28788.0	28788.0
0	0	1	35644.0	35644.0
0	1	6	53622.0	53622.0
1	0	1	35644.0	35644.0
1	1	6	53622.0	53622.0
2	0	1	35644.0	35644.0
2	1	6	53622.0	53622.0
0	0	7	17772.0	17772.0
0	7	6	62406.0	62406.0
1	0	7	17772.0	17772.0
1	7	6	62406.0	62406.0
2	0	7	17772.0	17772.0
2	7	6	62406.0	62406.0
0	0	3	59336.0	59336.0
0	3	6	37120.0	37120.0
1	0	3	59336.0	59336.0
1	3	6	37120.0	37120.0
2	0	3	59336.0	59336.0
2	3	6	37120.0	37120.0
0	0	7	17772.0	17772.0
1	0	7	17772.0	17772.0
2	0	7	17772.0	17772.0
0	0	10	40839.0	40839.0
0	10	8	21450.0	21450.0
1	0	10	40839.0	40839.0
1	10	8	21450.0	21450.0
2	0	10	40839.0	40839.0
2	10	8	21450.0	21450.0
0	0	9	43902.0	43902.0
0	9	8	29208.0	29208.0
1	0	9	43902.0	43902.0
1	9	8	29208.0	29208.0
2	0	9	43902.0	43902.0
2	9	8	29208.0	29208.0
0	0	7	17772.0	17772.0
0	7	8	57496.0	57496.0
1	0	7	17772.0	17772.0
1	7	8	57496.0	57496.0
2	0	7	17772.0	17772.0
2	7	8	57496.0	57496.0
0	0	9	43902.0	43902.0
1	0	9	43902.0	43902.0
2	0	9	43902.0	43902.0
0	0	10	40839.0	40839.0
1	0	10	40839.0	40839.0
2	0	10	40839.0	40839.0
0	1	0	32584.0	32584.0
1	1	0	32584.0	32584.0
2	1	0	32584.0	32584.0
0	1	2	17932.0	17932.0
1	1	2	17932.0	17932.0
2	1	2	17932.0	17932.0
0	1	3	30916.0	30916.0
1	1	3	30916.0	30916.0
2	1	3	30916.0	30916.0
0	1	4	31521.0	31521.0
1	1	4	31521.0	31521.0
2	1	4	31521.0	31521.0
0	1	3	30916.0	30916.0
0	3	5	36786.0	36786.0
1	1	3	30916.0	30916.0
1	3	5	36786.0	36786.0
2	1	3	30916.0	30916.0
2	3	5	36786.0	36786.0
0	1	4	31521.0	31521.0
0	4	5	28788.0	28788.0
1	1	4	31521.0	31521.0
1	4	5	28788.0	28788.0
2	1	4	31521.0	31521.0
2	4	5	28788.0	28788.0
0	1	6	53622.0	53622.0
0	6	5	14074.0	14074.0
1	1	6	53622.0	53622.0
1	6	5	14074.0	14074.0
2	1	6	53622.0	53622.0
2	6	5	14074.0	14074.0
0	1	6	53622.0	53622.0
1	1	6	53622.0	53622.0
2	1	6	53622.0	53622.0
0	1	0	32584.0	32584.0
0	0	7	17772.0	17772.0
1	1	0	32584.0	32584.0
1	0	7	17772.0	17772.0
2	1	0	32584.0	32584.0
2	0	7	17772.0	17772.0
0	1	2	17932.0	17932.0
0	2	7	37416.0	37416.0
1	1	2	17932.0	17932.0
1	2	7	37416.0	37416.0
2	1	2	17932.0	17932.0
2	2	7	37416.0	37416.0
0	1	10	43671.0	43671.0
0	10	7	22062.0	22062.0
1	1	10	43671.0	43671.0
1	10	7	22062.0	22062.0
2	1	10	43671.0	43671.0
2	10	7	22062.0	22062.0
0	1	3	30916.0	30916.0
0	3	8	40358.0	40358.0
1	1	3	30916.0	30916.0
1	3	8	40358.0	40358.0
2	1	3	30916.0	30916.0
2	3	8	40358.0	40358.0
0	1	10	43671.0	43671.0
0	10	8	21450.0	21450.0
1	1	10	43671.0	43671.0
1	10	8	21450.0	21450.0
2	1	10	43671.0	43671.0
2	10	8	21450.0	21450.0
0	1	9	40728.0	40728.0
0	9	8	29208.0	29208.0
1	1	9	40728.0	40728.0
1	9	8	29208.0	29208.0
2	1	9	40728.0	40728.0
2	9	8	29208.0	29208.0
0	1	9	40728.0	40728.0
1	1	9	40728.0	40728.0
2	1	9	40728.0	40728.0
0	1	10	43671.0	43671.0
1	1	10	43671.0	43671.0
2	1	10	43671.0	43671.0
0	2	0	35546.0	35546.0
1	2	0	35546.0	35546.0
2	2	0	35546.0	35546.0
0	2	1	25140.0	25140.0
1	2	1	25140.0	25140.0
2	2	1	25140.0	25140.0
0	2	3	44946.0	44946.0
1	2	3	44946.0	44946.0
2	2	3	44946.0	44946.0
0	2	4	10458.0	10458.0
1	2	4	10458.0	10458.0
2	2	4	10458.0	10458.0
0	2	3	44946.0	44946.0
0	3	5	36786.0	36786.0
1	2	3	44946.0	44946.0
1	3	5	36786.0	36786.0
2	2	3	44946.0	44946.0
2	3	5	36786.0	36786.0
0	2	4	10458.0	10458.0
0	4	5	28788.0	28788.0
1	2	4	10458.0	10458.0
1	4	5	28788.0	28788.0
2	2	4	10458.0	10458.0
2	4	5	28788.0	28788.0
0	2	7	37416.0	37416.0
0	7	5	42000.0	42000.0
1	2	7	37416.0	37416.0
1	7	5	42000.0	42000.0
2	2	7	37416.0	37416.0
2	7	5	42000.0	42000.0
0	2	1	25140.0	25140.0
0	1	6	53622.0	53622.0
1	2	1	25140.0	25140.0
1	1	6	53622.0	53622.0
2	2	1	25140.0	25140.0
2	1	6	53622.0	53622.0
0	2	3	44946.0	44946.0
0	3	6	37120.0	37120.0
1	2	3	44946.0	44946.0
1	3	6	37120.0	37120.0
2	2	3	44946.0	44946.0
2	3	6	37120.0	37120.0
0	2	4	10458.0	10458.0
0	4	6	20960.0	20960.0
1	2	4	10458.0	10458.0
1	4	6	20960.0	20960.0
2	2	4	10458.0	10458.0
2	4	6	20960.0	20960.0
0	2	7	37416.0	37416.0
1	2	7	37416.0	37416.0
2	2	7	37416.0	37416.0
0	2	3	44946.0	44946.0
0	3	8	40358.0	40358.0
1	2	3	44946.0	44946.0
1	3	8	40358.0	40358.0
2	2	3	44946.0	44946.0
2	3	8	40358.0	40358.0
0	2	7	37416.0	37416.0
0	7	8	57496.0	57496.0
1	2	7	37416.0	37416.0
1	7	8	57496.0	57496.0
2	2	7	37416.0	37416.0
2	7	8	57496.0	57496.0
0	2	1	25140.0	25140.0
0	1	9	40728.0	40728.0
1	2	1	25140.0	25140.0
1	1	9	40728.0	40728.0
2	2	1	25140.0	25140.0
2	1	9	40728.0	40728.0
0	2	0	35546.0	35546.0
0	0	9	43902.0	43902.0
1	2	0	35546.0	35546.0
1	0	9	43902.0	43902.0
2	2	0	35546.0	35546.0
2	0	9	43902.0	43902.0
0	2	7	37416.0	37416.0
0	7	9	54922.0	54922.0
1	2	7	37416.0	37416.0
1	7	9	54922.0	54922.0
2	2	7	37416.0	37416.0
2	7	9	54922.0	54922.0
0	2	1	25140.0	25140.0
0	1	10	43671.0	43671.0
1	2	1	25140.0	25140.0
1	1	10	43671.0	43671.0
2	2	1	25140.0	25140.0
2	1	10	43671.0	43671.0
0	2	0	35546.0	35546.0
0	0	10	40839.0	40839.0
1	2	0	35546.0	35546.0
1	0	10	40839.0	40839.0
2	2	0	35546.0	35546.0
2	0	10	40839.0	40839.0
0	2	7	37416.0	37416.0
0	7	10	67300.0	67300.0
1	2	7	37416.0	37416.0
1	7	10	67300.0	67300.0
2	2	7	37416.0	37416.0
2	7	10	67300.0	67300.0
0	3	0	25468.0	25468.0
1	3	0	25468.0	25468.0
2	3	0	25468.0	25468.0
0	3	1	38998.0	38998.0
1	3	1	38998.0	38998.0
2	3	1	38998.0	38998.0
0	3	2	53816.0	53816.0
1	3	2	53816.0	53816.0
2	3	2	53816.0	53816.0
0	3	4	5391.0	5391.0
1	3	4	5391.0	5391.0
2	3	4	5391.0	5391.0
0	3	5	36786.0	36786.0
1	3	5	36786.0	36786.0
2	3	5	36786.0	36786.0
0	3	6	37120.0	37120.0
1	3	6	37120.0	37120.0
2	3	6	37120.0	37120.0
0	3	2	53816.0	53816.0
0	2	7	37416.0	37416.0
1	3	2	53816.0	53816.0
1	2	7	37416.0	37416.0
2	3	2	53816.0	53816.0
2	2	7	37416.0	37416.0
0	3	5	36786.0	36786.0
0	5	7	93488.0	93488.0
1	3	5	36786.0	36786.0
1	5	7	93488.0	93488.0
2	3	5	36786.0	36786.0
2	5	7	93488.0	93488.0
0	3	0	25468.0	25468.0
0	0	7	17772.0	17772.0
1	3	0	25468.0	25468.0
1	0	7	17772.0	17772.0
2	3	0	25468.0	25468.0
2	0	7	17772.0	17772.0
0	3	8	40358.0	40358.0
1	3	8	40358.0	40358.0
2	3	8	40358.0	40358.0
0	3	1	38998.0	38998.0
0	1	9	40728.0	40728.0
1	3	1	38998.0	38998.0
1	1	9	40728.0	40728.0
2	3	1	38998.0	38998.0
2	1	9	40728.0	40728.0
0	3	0	25468.0	25468.0
0	0	9	43902.0	43902.0
1	3	0	25468.0	25468.0
1	0	9	43902.0	43902.0
2	3	0	25468.0	25468.0
2	0	9	43902.0	43902.0
0	3	8	40358.0	40358.0
0	8	9	35122.0	35122.0
1	3	8	40358.0	40358.0
1	8	9	35122.0	35122.0
2	3	8	40358.0	40358.0
2	8	9	35122.0	35122.0
0	3	1	38998.0	38998.0
0	1	10	43671.0	43671.0
1	3	1	38998.0	38998.0
1	1	10	43671.0	43671.0
2	3	1	38998.0	38998.0
2	1	10	43671.0	43671.0
0	3	0	25468.0	25468.0
0	0	10	40839.0	40839.0
1	3	0	25468.0	25468.0
1	0	10	40839.0	40839.0
2	3	0	25468.0	25468.0
2	0	10	40839.0	40839.0
0	3	8	40358.0	40358.0
0	8	10	27952.0	27952.0
1	3	8	40358.0	40358.0
1	8	10	27952.0	27952.0
2	3	8	40358.0	40358.0
2	8	10	27952.0	27952.0
0	4	0	54781.0	54781.0
1	4	0	53044.0	53044.0
2	4	0	46096.0	46096.0
0	4	1	64351.0	64351.0
1	4	1	64351.0	64351.0
2	4	1	64351.0	64351.0
0	4	2	22944.0	22944.0
1	4	2	22944.0	22944.0
2	4	2	22944.0	22944.0
0	4	3	32874.0	32874.0
1	4	3	32874.0	32874.0
2	4	3	32874.0	32874.0
0	4	5	28788.0	28788.0
1	4	5	28788.0	28788.0
2	4	5	28788.0	28788.0
0	4	6	20960.0	20960.0
1	4	6	20960.0	20960.0
2	4	6	20960.0	20960.0
0	4	5	28788.0	28788.0
0	5	7	93488.0	93488.0
1	4	5	28788.0	28788.0
1	5	7	93488.0	93488.0
2	4	5	28788.0	28788.0
2	5	7	93488.0	93488.0
0	4	2	22944.0	22944.0
0	2	7	37416.0	37416.0
1	4	2	22944.0	22944.0
1	2	7	37416.0	37416.0
2	4	2	22944.0	22944.0
2	2	7	37416.0	37416.0
0	4	6	20960.0	20960.0
0	6	7	28166.0	28166.0
1	4	6	20960.0	20960.0
1	6	7	28166.0	28166.0
2	4	6	20960.0	20960.0
2	6	7	28166.0	28166.0
0	4	3	32874.0	32874.0
0	3	8	40358.0	40358.0
1	4	3	32874.0	32874.0
1	3	8	40358.0	40358.0
2	4	3	32874.0	32874.0
2	3	8	40358.0	40358.0
0	4	6	20960.0	20960.0
0	6	8	48290.0	48290.0
1	4	6	20960.0	20960.0
1	6	8	48290.0	48290.0
2	4	6	20960.0	20960.0
2	6	8	48290.0	48290.0
0	4	1	64351.0	64351.0
0	1	9	40728.0	40728.0
1	4	1	64351.0	64351.0
1	1	9	40728.0	40728.0
2	4	1	64351.0	64351.0
2	1	9	40728.0	40728.0
0	4	0	54781.0	54781.0
0	0	9	43902.0	43902.0
1	4	0	53044.0	53044.0
1	0	9	43902.0	43902.0
2	4	0	46096.0	46096.0
2	0	9	43902.0	43902.0
0	4	1	64351.0	64351.0
0	1	10	43671.0	43671.0
1	4	1	64351.0	64351.0
1	1	10	43671.0	43671.0
2	4	1	64351.0	64351.0
2	1	10	43671.0	43671.0
0	4	0	54781.0	54781.0
0	0	10	40839.0	40839.0
1	4	0	53044.0	53044.0
1	0	10	40839.0	40839.0
2	4	0	46096.0	46096.0
2	0	10	40839.0	40839.0
0	5	4	55554.0	55554.0
0	4	0	54781.0	54781.0
1	5	4	55554.0	55554.0
1	4	0	53044.0	53044.0
2	5	4	55554.0	55554.0
2	4	0	46096.0	46096.0
0	5	3	51676.0	51676.0
0	3	0	25468.0	25468.0
1	5	3	51676.0	51676.0
1	3	0	25468.0	25468.0
2	5	3	51676.0	51676.0
2	3	0	25468.0	25468.0
0	5	7	93488.0	93488.0
0	7	0	37486.0	37486.0
1	5	7	93488.0	93488.0
1	7	0	37486.0	37486.0
2	5	7	93488.0	93488.0
2	7	0	37486.0	37486.0
0	5	4	55554.0	55554.0
0	4	1	64351.0	64351.0
1	5	4	55554.0	55554.0
1	4	1	64351.0	64351.0
2	5	4	55554.0	55554.0
2	4	1	64351.0	64351.0
0	5	6	47392.0	47392.0
0	6	1	53220.0	53220.0
1	5	6	47392.0	47392.0
1	6	1	53220.0	53220.0
2	5	6	47392.0	47392.0
2	6	1	53220.0	53220.0
0	5	3	51676.0	51676.0
0	3	1	38998.0	38998.0
1	5	3	51676.0	51676.0
1	3	1	38998.0	38998.0
2	5	3	51676.0	51676.0
2	3	1	38998.0	38998.0
0	5	4	55554.0	55554.0
0	4	2	22944.0	22944.0
1	5	4	55554.0	55554.0
1	4	2	22944.0	22944.0
2	5	4	55554.0	55554.0
2	4	2	22944.0	22944.0
0	5	3	51676.0	51676.0
0	3	2	53816.0	53816.0
1	5	3	51676.0	51676.0
1	3	2	53816.0	53816.0
2	5	3	51676.0	51676.0
2	3	2	53816.0	53816.0
0	5	7	93488.0	93488.0
0	7	2	40934.0	40934.0
1	5	7	93488.0	93488.0
1	7	2	40934.0	40934.0
2	5	7	93488.0	93488.0
2	7	2	40934.0	40934.0
0	5	3	51676.0	51676.0
1	5	3	51676.0	51676.0
2	5	3	51676.0	51676.0
0	5	4	55554.0	55554.0
1	5	4	55554.0	55554.0
2	5	4	55554.0	55554.0
0	5	6	47392.0	47392.0
1	5	6	47392.0	47392.0
2	5	6	47392.0	47392.0
0	5	7	93488.0	93488.0
1	5	7	93488.0	93488.0
2	5	7	93488.0	93488.0
0	5	6	47392.0	47392.0
0	6	8	48290.0	48290.0
1	5	6	47392.0	47392.0
1	6	8	48290.0	48290.0
2	5	6	47392.0	47392.0
2	6	8	48290.0	48290.0
0	5	3	51676.0	51676.0
0	3	8	40358.0	40358.0
1	5	3	51676.0	51676.0
1	3	8	40358.0	40358.0
2	5	3	51676.0	51676.0
2	3	8	40358.0	40358.0
0	5	7	93488.0	93488.0
0	7	8	57496.0	57496.0
1	5	7	93488.0	93488.0
1	7	8	57496.0	57496.0
2	5	7	93488.0	93488.0
2	7	8	57496.0	57496.0
0	5	7	93488.0	93488.0
0	7	9	54922.0	54922.0
1	5	7	93488.0	93488.0
1	7	9	54922.0	54922.0
2	5	7	93488.0	93488.0
2	7	9	54922.0	54922.0
0	5	7	93488.0	93488.0
0	7	10	67300.0	67300.0
1	5	7	93488.0	93488.0
1	7	10	67300.0	67300.0
2	5	7	93488.0	93488.0
2	7	10	67300.0	67300.0
0	6	7	28166.0	28166.0
0	7	0	37486.0	37486.0
1	6	7	28166.0	28166.0
1	7	0	37486.0	37486.0
2	6	7	28166.0	28166.0
2	7	0	37486.0	37486.0
0	6	4	15105.0	15105.0
0	4	0	54781.0	54781.0
1	6	4	15105.0	15105.0
1	4	0	53044.0	53044.0
2	6	4	15105.0	15105.0
2	4	0	46096.0	46096.0
0	6	3	19840.0	19840.0
0	3	0	25468.0	25468.0
1	6	3	19840.0	19840.0
1	3	0	25468.0	25468.0
2	6	3	19840.0	19840.0
2	3	0	25468.0	25468.0
0	6	1	53220.0	53220.0
1	6	1	53220.0	53220.0
2	6	1	53220.0	53220.0
0	6	7	28166.0	28166.0
0	7	2	40934.0	40934.0
1	6	7	28166.0	28166.0
1	7	2	40934.0	40934.0
2	6	7	28166.0	28166.0
2	7	2	40934.0	40934.0
0	6	4	15105.0	15105.0
0	4	2	22944.0	22944.0
1	6	4	15105.0	15105.0
1	4	2	22944.0	22944.0
2	6	4	15105.0	15105.0
2	4	2	22944.0	22944.0
0	6	3	19840.0	19840.0
0	3	2	53816.0	53816.0
1	6	3	19840.0	19840.0
1	3	2	53816.0	53816.0
2	6	3	19840.0	19840.0
2	3	2	53816.0	53816.0
0	6	3	19840.0	19840.0
1	6	3	19840.0	19840.0
2	6	3	19840.0	19840.0
0	6	4	15105.0	15105.0
1	6	4	15105.0	15105.0
2	6	4	15105.0	15105.0
0	6	5	14074.0	14074.0
1	6	5	14074.0	14074.0
2	6	5	14074.0	14074.0
0	6	7	28166.0	28166.0
1	6	7	28166.0	28166.0
2	6	7	28166.0	28166.0
0	6	8	48290.0	48290.0
1	6	8	48290.0	48290.0
2	6	8	48290.0	48290.0
0	6	7	28166.0	28166.0
0	7	9	54922.0	54922.0
1	6	7	28166.0	28166.0
1	7	9	54922.0	54922.0
2	6	7	28166.0	28166.0
2	7	9	54922.0	54922.0
0	6	8	48290.0	48290.0
0	8	9	35122.0	35122.0
1	6	8	48290.0	48290.0
1	8	9	35122.0	35122.0
2	6	8	48290.0	48290.0
2	8	9	35122.0	35122.0
0	6	1	53220.0	53220.0
0	1	9	40728.0	40728.0
1	6	1	53220.0	53220.0
1	1	9	40728.0	40728.0
2	6	1	53220.0	53220.0
2	1	9	40728.0	40728.0
0	6	7	28166.0	28166.0
0	7	10	67300.0	67300.0
1	6	7	28166.0	28166.0
1	7	10	67300.0	67300.0
2	6	7	28166.0	28166.0
2	7	10	67300.0	67300.0
0	6	8	48290.0	48290.0
0	8	10	27952.0	27952.0
1	6	8	48290.0	48290.0
1	8	10	27952.0	27952.0
2	6	8	48290.0	48290.0
2	8	10	27952.0	27952.0
0	6	1	53220.0	53220.0
0	1	10	43671.0	43671.0
1	6	1	53220.0	53220.0
1	1	10	43671.0	43671.0
2	6	1	53220.0	53220.0
2	1	10	43671.0	43671.0
0	7	0	37486.0	37486.0
1	7	0	37486.0	37486.0
2	7	0	37486.0	37486.0
0	7	6	62406.0	62406.0
0	6	1	53220.0	53220.0
1	7	6	62406.0	62406.0
1	6	1	53220.0	53220.0
2	7	6	62406.0	62406.0
2	6	1	53220.0	53220.0
0	7	9	54922.0	54922.0
0	9	1	54136.0	54136.0
1	7	9	54922.0	54922.0
1	9	1	54136.0	54136.0
2	7	9	54922.0	54922.0
2	9	1	54136.0	54136.0
0	7	0	37486.0	37486.0
0	0	1	35644.0	35644.0
1	7	0	37486.0	37486.0
1	0	1	35644.0	35644.0
2	7	0	37486.0	37486.0
2	0	1	35644.0	35644.0
0	7	2	40934.0	40934.0
1	7	2	40934.0	40934.0
2	7	2	40934.0	40934.0
0	7	6	62406.0	62406.0
0	6	3	19840.0	19840.0
1	7	6	62406.0	62406.0
1	6	3	19840.0	19840.0
2	7	6	62406.0	62406.0
2	6	3	19840.0	19840.0
0	7	8	57496.0	57496.0
0	8	3	57437.0	57437.0
1	7	8	57496.0	57496.0
1	8	3	57437.0	57437.0
2	7	8	57496.0	57496.0
2	8	3	57437.0	57437.0
0	7	5	42000.0	42000.0
0	5	3	51676.0	51676.0
1	7	5	42000.0	42000.0
1	5	3	51676.0	51676.0
2	7	5	42000.0	42000.0
2	5	3	51676.0	51676.0
0	7	6	62406.0	62406.0
0	6	4	15105.0	15105.0
1	7	6	62406.0	62406.0
1	6	4	15105.0	15105.0
2	7	6	62406.0	62406.0
2	6	4	15105.0	15105.0
0	7	5	42000.0	42000.0
0	5	4	55554.0	55554.0
1	7	5	42000.0	42000.0
1	5	4	55554.0	55554.0
2	7	5	42000.0	42000.0
2	5	4	55554.0	55554.0
0	7	0	37486.0	37486.0
0	0	4	33805.0	33805.0
1	7	0	37486.0	37486.0
1	0	4	33805.0	33805.0
2	7	0	37486.0	37486.0
2	0	4	33805.0	33805.0
0	7	5	42000.0	42000.0
1	7	5	42000.0	42000.0
2	7	5	42000.0	42000.0
0	7	6	62406.0	62406.0
1	7	6	62406.0	62406.0
2	7	6	62406.0	62406.0
0	7	8	57496.0	57496.0
1	7	8	57496.0	57496.0
2	7	8	57496.0	57496.0
0	7	9	54922.0	54922.0
1	7	9	54922.0	54922.0
2	7	9	54922.0	54922.0
0	7	10	67300.0	67300.0
1	7	10	67300.0	67300.0
2	7	10	67300.0	67300.0
0	8	7	35960.0	35960.0
0	7	0	37486.0	37486.0
1	8	7	35960.0	35960.0
1	7	0	37486.0	37486.0
2	8	7	35960.0	35960.0
2	7	0	37486.0	37486.0
0	8	9	35122.0	35122.0
0	9	0	33202.0	33202.0
1	8	9	35122.0	35122.0
1	9	0	33202.0	33202.0
2	8	9	35122.0	35122.0
2	9	0	33202.0	33202.0
0	8	10	27952.0	27952.0
0	10	0	32757.0	32757.0
1	8	10	27952.0	27952.0
1	10	0	32757.0	32757.0
2	8	10	27952.0	27952.0
2	10	0	32757.0	32757.0
0	8	9	35122.0	35122.0
0	9	1	54136.0	54136.0
1	8	9	35122.0	35122.0
1	9	1	54136.0	54136.0
2	8	9	35122.0	35122.0
2	9	1	54136.0	54136.0
0	8	6	42353.0	42353.0
0	6	1	53220.0	53220.0
1	8	6	42353.0	42353.0
1	6	1	53220.0	53220.0
2	8	6	42353.0	42353.0
2	6	1	53220.0	53220.0
0	8	10	27952.0	27952.0
0	10	1	55781.0	55781.0
1	8	10	27952.0	27952.0
1	10	1	55781.0	55781.0
2	8	10	27952.0	27952.0
2	10	1	55781.0	55781.0
0	8	7	35960.0	35960.0
0	7	2	40934.0	40934.0
1	8	7	35960.0	35960.0
1	7	2	40934.0	40934.0
2	8	7	35960.0	35960.0
2	7	2	40934.0	40934.0
0	8	3	57437.0	57437.0
0	3	2	53816.0	53816.0
1	8	3	57437.0	57437.0
1	3	2	53816.0	53816.0
2	8	3	57437.0	57437.0
2	3	2	53816.0	53816.0
0	8	3	57437.0	57437.0
1	8	3	57437.0	57437.0
2	8	3	57437.0	57437.0
0	8	6	42353.0	42353.0
0	6	4	15105.0	15105.0
1	8	6	42353.0	42353.0
1	6	4	15105.0	15105.0
2	8	6	42353.0	42353.0
2	6	4	15105.0	15105.0
0	8	3	57437.0	57437.0
0	3	4	5391.0	5391.0
1	8	3	57437.0	57437.0
1	3	4	5391.0	5391.0
2	8	3	57437.0	57437.0
2	3	4	5391.0	5391.0
0	8	7	35960.0	35960.0
0	7	5	42000.0	42000.0
1	8	7	35960.0	35960.0
1	7	5	42000.0	42000.0
2	8	7	35960.0	35960.0
2	7	5	42000.0	42000.0
0	8	6	42353.0	42353.0
0	6	5	14074.0	14074.0
1	8	6	42353.0	42353.0
1	6	5	14074.0	14074.0
2	8	6	42353.0	42353.0
2	6	5	14074.0	14074.0
0	8	3	57437.0	57437.0
0	3	5	36786.0	36786.0
1	8	3	57437.0	57437.0
1	3	5	36786.0	36786.0
2	8	3	57437.0	57437.0
2	3	5	36786.0	36786.0
0	8	6	42353.0	42353.0
1	8	6	42353.0	42353.0
2	8	6	42353.0	42353.0
0	8	7	35960.0	35960.0
1	8	7	35960.0	35960.0
2	8	7	35960.0	35960.0
0	8	9	35122.0	35122.0
1	8	9	35122.0	35122.0
2	8	9	35122.0	35122.0
0	8	10	27952.0	27952.0
1	8	10	27952.0	27952.0
2	8	10	27952.0	27952.0
0	9	0	33202.0	33202.0
1	9	0	33202.0	33202.0
2	9	0	33202.0	33202.0
0	9	1	54136.0	54136.0
1	9	1	54136.0	54136.0
2	9	1	54136.0	54136.0
0	9	7	57432.0	57432.0
0	7	2	40934.0	40934.0
1	9	7	57432.0	57432.0
1	7	2	40934.0	40934.0
2	9	7	57432.0	57432.0
2	7	2	40934.0	40934.0
0	9	0	33202.0	33202.0
0	0	2	29064.0	29064.0
1	9	0	33202.0	33202.0
1	0	2	29064.0	29064.0
2	9	0	33202.0	33202.0
2	0	2	29064.0	29064.0
0	9	1	54136.0	54136.0
0	1	2	17932.0	17932.0
1	9	1	54136.0	54136.0
1	1	2	17932.0	17932.0
2	9	1	54136.0	54136.0
2	1	2	17932.0	17932.0
0	9	8	29208.0	29208.0
0	8	3	57437.0	57437.0
1	9	8	29208.0	29208.0
1	8	3	57437.0	57437.0
2	9	8	29208.0	29208.0
2	8	3	57437.0	57437.0
0	9	0	33202.0	33202.0
0	0	3	59336.0	59336.0
1	9	0	33202.0	33202.0
1	0	3	59336.0	59336.0
2	9	0	33202.0	33202.0
2	0	3	59336.0	59336.0
0	9	1	54136.0	54136.0
0	1	3	30916.0	30916.0
1	9	1	54136.0	54136.0
1	1	3	30916.0	30916.0
2	9	1	54136.0	54136.0
2	1	3	30916.0	30916.0
0	9	0	33202.0	33202.0
0	0	4	33805.0	33805.0
1	9	0	33202.0	33202.0
1	0	4	33805.0	33805.0
2	9	0	33202.0	33202.0
2	0	4	33805.0	33805.0
0	9	1	54136.0	54136.0
0	1	4	31521.0	31521.0
1	9	1	54136.0	54136.0
1	1	4	31521.0	31521.0
2	9	1	54136.0	54136.0
2	1	4	31521.0	31521.0
0	9	7	57432.0	57432.0
0	7	5	42000.0	42000.0
1	9	7	57432.0	57432.0
1	7	5	42000.0	42000.0
2	9	7	57432.0	57432.0
2	7	5	42000.0	42000.0
0	9	8	29208.0	29208.0
0	8	6	42353.0	42353.0
1	9	8	29208.0	29208.0
1	8	6	42353.0	42353.0
2	9	8	29208.0	29208.0
2	8	6	42353.0	42353.0
0	9	7	57432.0	57432.0
0	7	6	62406.0	62406.0
1	9	7	57432.0	57432.0
1	7	6	62406.0	62406.0
2	9	7	57432.0	57432.0
2	7	6	62406.0	62406.0
0	9	1	54136.0	54136.0
0	1	6	53622.0	53622.0
1	9	1	54136.0	54136.0
1	1	6	53622.0	53622.0
2	9	1	54136.0	54136.0
2	1	6	53622.0	53622.0
0	9	7	57432.0	57432.0
1	9	7	57432.0	57432.0
2	9	7	57432.0	57432.0
0	9	8	29208.0	29208.0
1	9	8	29208.0	29208.0
2	9	8	29208.0	29208.0
0	9	10	10710.0	10710.0
1	9	10	10710.0	10710.0
2	9	10	10710.0	10710.0
0	10	0	32757.0	32757.0
1	10	0	32757.0	32757.0
2	10	0	32757.0	32757.0
0	10	1	55781.0	55781.0
1	10	1	55781.0	55781.0
2	10	1	55781.0	55781.0
0	10	0	32757.0	32757.0
0	0	2	29064.0	29064.0
1	10	0	32757.0	32757.0
1	0	2	29064.0	29064.0
2	10	0	32757.0	32757.0
2	0	2	29064.0	29064.0
0	10	1	55781.0	55781.0
0	1	2	17932.0	17932.0
1	10	1	55781.0	55781.0
1	1	2	17932.0	17932.0
2	10	1	55781.0	55781.0
2	1	2	17932.0	17932.0
0	10	7	22062.0	22062.0
0	7	2	40934.0	40934.0
1	10	7	22062.0	22062.0
1	7	2	40934.0	40934.0
2	10	7	22062.0	22062.0
2	7	2	40934.0	40934.0
0	10	0	32757.0	32757.0
0	0	3	59336.0	59336.0
1	10	0	32757.0	32757.0
1	0	3	59336.0	59336.0
2	10	0	32757.0	32757.0
2	0	3	59336.0	59336.0
0	10	8	21450.0	21450.0
0	8	3	57437.0	57437.0
1	10	8	21450.0	21450.0
1	8	3	57437.0	57437.0
2	10	8	21450.0	21450.0
2	8	3	57437.0	57437.0
0	10	1	55781.0	55781.0
0	1	3	30916.0	30916.0
1	10	1	55781.0	55781.0
1	1	3	30916.0	30916.0
2	10	1	55781.0	55781.0
2	1	3	30916.0	30916.0
0	10	0	32757.0	32757.0
0	0	4	33805.0	33805.0
1	10	0	32757.0	32757.0
1	0	4	33805.0	33805.0
2	10	0	32757.0	32757.0
2	0	4	33805.0	33805.0
0	10	1	55781.0	55781.0
0	1	4	31521.0	31521.0
1	10	1	55781.0	55781.0
1	1	4	31521.0	31521.0
2	10	1	55781.0	55781.0
2	1	4	31521.0	31521.0
0	10	7	22062.0	22062.0
0	7	5	42000.0	42000.0
1	10	7	22062.0	22062.0
1	7	5	42000.0	42000.0
2	10	7	22062.0	22062.0
2	7	5	42000.0	42000.0
0	10	8	21450.0	21450.0
0	8	6	42353.0	42353.0
1	10	8	21450.0	21450.0
1	8	6	42353.0	42353.0
2	10	8	21450.0	21450.0
2	8	6	42353.0	42353.0
0	10	1	55781.0	55781.0
0	1	6	53622.0	53622.0
1	10	1	55781.0	55781.0
1	1	6	53622.0	53622.0
2	10	1	55781.0	55781.0
2	1	6	53622.0	53622.0
0	10	7	22062.0	22062.0
0	7	6	62406.0	62406.0
1	10	7	22062.0	22062.0
1	7	6	62406.0	62406.0
2	10	7	22062.0	22062.0
2	7	6	62406.0	62406.0
0	10	7	22062.0	22062.0
1	10	7	22062.0	22062.0
2	10	7	22062.0	22062.0
0	10	8	21450.0	21450.0
1	10	8	21450.0	21450.0
2	10	8	21450.0	21450.0
0	10	9	3294.0	3294.0
1	10	9	3294.0	3294.0
2	10	9	3294.0	3294.0
