-----------------------------------------------------
-----     Resultados para Ejemplo Peque   -----
-----------------------------------------------------

Parametro Deficit (alfa): 1.0
Parametro Exceso (beta):  1.0
Parametro de probabilidades (epsilon): 0.02
CPU time: 0.128
p	q	g Estimada	g Exacta	g Referencia	Deficit	Exceso
0	1	598680.0	598680.0	598680.0	0	 	0
0	2	284100.0	284100.0	284100.0	0	 	0
0	3	374940.0	374940.0	374940.0	0	 	0
0	4	216360.0	216360.0	216360.0	0	 	0
0	5	555060.0	555060.0	555060.0	0	 	0
0	6	552720.0	552720.0	552720.0	0	 	0
0	7	491460.0	491460.0	491460.0	0	 	0
0	8	402480.0	402480.0	402480.0	0	 	0
0	9	566040.0	566040.0	566040.0	0	 	0
0	10	497700.0	497700.0	497700.0	0	 	0
0	11	377640.0	377640.0	377640.0	0	 	0
0	12	369360.0	369360.0	369360.0	0	 	0
0	13	43140.0	43140.0	43140.0	0	 	0
0	14	407520.0	407520.0	407520.0	0	 	0
0	15	555960.0	555960.0	555960.0	0	 	0
0	16	568080.0	568080.0	568080.0	0	 	0
0	17	501840.0	501840.0	501840.0	0	 	0
0	18	454920.0	454920.0	454920.0	0	 	0
0	19	525300.0	525300.0	525300.0	0	 	0
1	0	172440.0	172440.0	172440.0	0	 	0
1	2	532560.0	532560.0	532560.0	0	 	0
1	3	2940.0	2940.0	2940.0	0	 	0
1	4	17340.0	17340.0	17340.0	0	 	0
1	5	414780.0	414780.0	414780.0	0	 	0
1	6	574920.0	574920.0	574920.0	0	 	0
1	7	211560.0	211560.0	211560.0	0	 	0
1	8	191280.0	191280.0	191280.0	0	 	0
1	9	335760.0	335760.0	335760.0	0	 	0
1	10	496500.0	496500.0	496500.0	0	 	0
1	11	124800.0	124800.0	124800.0	0	 	0
1	12	556140.0	556140.0	556140.0	0	 	0
1	13	373800.0	373800.0	373800.0	0	 	0
1	14	157440.0	157440.0	157440.0	0	 	0
1	15	161340.0	161340.0	161340.0	0	 	0
1	16	92160.0	92160.0	92160.0	0	 	0
1	17	386220.0	386220.0	386220.0	0	 	0
1	18	299340.0	299340.0	299340.0	0	 	0
1	19	461460.0	461460.0	461460.0	0	 	0
2	0	66420.0	66420.0	66420.0	0	 	0
2	1	538080.0	538080.0	538080.0	0	 	0
2	3	23760.0	23760.0	23760.0	0	 	0
2	4	428280.0	428280.0	428280.0	0	 	0
2	5	210420.0	210420.0	210420.0	0	 	0
2	6	60840.0	60840.0	60840.0	0	 	0
2	7	437460.0	437460.0	437460.0	0	 	0
2	8	526560.0	526560.0	526560.0	0	 	0
2	9	556800.0	556800.0	556800.0	0	 	0
2	10	314460.0	314460.0	314460.0	0	 	0
2	11	439680.0	439680.0	439680.0	0	 	0
2	12	374220.0	374220.0	374220.0	0	 	0
2	13	539580.0	539580.0	539580.0	0	 	0
2	14	596100.0	596100.0	596100.0	0	 	0
2	15	287820.0	287820.0	287820.0	0	 	0
2	16	378180.0	378180.0	378180.0	0	 	0
2	17	417900.0	417900.0	417900.0	0	 	0
2	18	127980.0	127980.0	127980.0	0	 	0
2	19	149100.0	149100.0	149100.0	0	 	0
3	0	129780.0	129780.0	129780.0	0	 	0
3	1	441780.0	441780.0	441780.0	0	 	0
3	2	110160.0	110160.0	110160.0	0	 	0
3	4	272220.0	272220.0	272220.0	0	 	0
3	5	184440.0	184440.0	184440.0	0	 	0
3	6	372000.0	372000.0	372000.0	0	 	0
3	7	53700.0	53700.0	53700.0	0	 	0
3	8	122280.0	122280.0	122280.0	0	 	0
3	9	255180.0	255180.0	255180.0	0	 	0
3	10	528420.0	528420.0	528420.0	0	 	0
3	11	596700.0	596700.0	596700.0	0	 	0
3	12	563160.0	563160.0	563160.0	0	 	0
3	13	63540.0	63540.0	63540.0	0	 	0
3	14	353040.0	353040.0	353040.0	0	 	0
3	15	146400.0	146400.0	146400.0	0	 	0
3	16	70740.0	70740.0	70740.0	0	 	0
3	17	74100.0	74100.0	74100.0	0	 	0
3	18	406020.0	406020.0	406020.0	0	 	0
3	19	239520.0	239520.0	239520.0	0	 	0
4	0	12780.0	12780.0	12780.0	0	 	0
4	1	31560.0	31560.0	31560.0	0	 	0
4	2	570660.0	570660.0	570660.0	0	 	0
4	3	161580.0	161580.0	161580.0	0	 	0
4	5	550680.0	550680.0	550680.0	0	 	0
4	6	388320.0	388320.0	388320.0	0	 	0
4	7	391020.0	391020.0	391020.0	0	 	0
4	8	180840.0	180840.0	180840.0	0	 	0
4	9	124560.0	124560.0	124560.0	0	 	0
4	10	283620.0	283620.0	283620.0	0	 	0
4	11	119580.0	119580.0	119580.0	0	 	0
4	12	483240.0	483240.0	483240.0	0	 	0
4	13	597720.0	597720.0	597720.0	0	 	0
4	14	359820.0	359820.0	359820.0	0	 	0
4	15	184020.0	184020.0	184020.0	0	 	0
4	16	415200.0	415200.0	415200.0	0	 	0
4	17	178020.0	178020.0	178020.0	0	 	0
4	18	349800.0	349800.0	349800.0	0	 	0
4	19	372300.0	372300.0	372300.0	0	 	0
5	0	93660.0	93660.0	93660.0	0	 	0
5	1	20040.0	20040.0	20040.0	0	 	0
5	2	174720.0	174720.0	174720.0	0	 	0
5	3	572940.0	572940.0	572940.0	0	 	0
5	4	458160.0	458160.0	458160.0	0	 	0
5	6	243300.0	243300.0	243300.0	0	 	0
5	7	21960.0	21960.0	21960.0	0	 	0
5	8	183060.0	183060.0	183060.0	0	 	0
5	9	361440.0	361440.0	361440.0	0	 	0
5	10	497580.0	497580.0	497580.0	0	 	0
5	11	532020.0	532020.0	532020.0	0	 	0
5	12	300720.0	300720.0	300720.0	0	 	0
5	13	272580.0	272580.0	272580.0	0	 	0
5	14	373200.0	373200.0	373200.0	0	 	0
5	15	61200.0	61200.0	61200.0	0	 	0
5	16	233340.0	233340.0	233340.0	0	 	0
5	17	399360.0	399360.0	399360.0	0	 	0
5	18	298500.0	298500.0	298500.0	0	 	0
5	19	362220.0	362220.0	362220.0	0	 	0
6	0	75480.0	75480.0	75480.0	0	 	0
6	1	353640.0	353640.0	353640.0	0	 	0
6	2	106560.0	106560.0	106560.0	0	 	0
6	3	43740.0	43740.0	43740.0	0	 	0
6	4	152460.0	152460.0	152460.0	0	 	0
6	5	564600.0	564600.0	564600.0	0	 	0
6	7	192720.0	192720.0	192720.0	0	 	0
6	8	42900.0	42900.0	42900.0	0	 	0
6	9	387660.0	387660.0	387660.0	0	 	0
6	10	24600.0	24600.0	24600.0	0	 	0
6	11	563520.0	563520.0	563520.0	0	 	0
6	12	380280.0	380280.0	380280.0	0	 	0
6	13	316380.0	316380.0	316380.0	0	 	0
6	14	166380.0	166380.0	166380.0	0	 	0
6	15	154140.0	154140.0	154140.0	0	 	0
6	16	235020.0	235020.0	235020.0	0	 	0
6	17	415560.0	415560.0	415560.0	0	 	0
6	18	22680.0	22680.0	22680.0	0	 	0
6	19	178020.0	178020.0	178020.0	0	 	0
7	0	227760.0	227760.0	227760.0	0	 	0
7	1	115020.0	115020.0	115020.0	0	 	0
7	2	351600.0	351600.0	351600.0	0	 	0
7	3	312000.0	312000.0	312000.0	0	 	0
7	4	306600.0	306600.0	306600.0	0	 	0
7	5	222360.0	222360.0	222360.0	0	 	0
7	6	175920.0	175920.0	175920.0	0	 	0
7	8	43620.0	43620.0	43620.0	0	 	0
7	9	515460.0	515460.0	515460.0	0	 	0
7	10	237420.0	237420.0	237420.0	0	 	0
7	11	357780.0	357780.0	357780.0	0	 	0
7	12	557040.0	557040.0	557040.0	0	 	0
7	13	67800.0	67800.0	67800.0	0	 	0
7	14	117240.0	117240.0	117240.0	0	 	0
7	15	531240.0	531240.0	531240.0	0	 	0
7	16	95160.0	95160.0	95160.0	0	 	0
7	17	149880.0	149880.0	149880.0	0	 	0
7	18	327120.0	327120.0	327120.0	0	 	0
7	19	218940.0	218940.0	218940.0	0	 	0
8	0	478740.0	478740.0	478740.0	0	 	0
8	1	84720.0	84720.0	84720.0	0	 	0
8	2	13380.0	13380.0	13380.0	0	 	0
8	3	495660.0	495660.0	495660.0	0	 	0
8	4	409500.0	409500.0	409500.0	0	 	0
8	5	34140.0	34140.0	34140.0	0	 	0
8	6	49020.0	49020.0	49020.0	0	 	0
8	7	459420.0	459420.0	459420.0	0	 	0
8	9	353340.0	353340.0	353340.0	0	 	0
8	10	117900.0	117900.0	117900.0	0	 	0
8	11	189060.0	189060.0	189060.0	0	 	0
8	12	45960.0	45960.0	45960.0	0	 	0
8	13	129480.0	129480.0	129480.0	0	 	0
8	14	496980.0	496980.0	496980.0	0	 	0
8	15	127140.0	127140.0	127140.0	0	 	0
8	16	595080.0	595080.0	595080.0	0	 	0
8	17	242940.0	242940.0	242940.0	0	 	0
8	18	76980.0	76980.0	76980.0	0	 	0
8	19	256860.0	256860.0	256860.0	0	 	0
9	0	183120.0	183120.0	183120.0	0	 	0
9	1	302940.0	302940.0	302940.0	0	 	0
9	2	498840.0	498840.0	498840.0	0	 	0
9	3	320280.0	320280.0	320280.0	0	 	0
9	4	489360.0	489360.0	489360.0	0	 	0
9	5	50820.0	50820.0	50820.0	0	 	0
9	6	23640.0	23640.0	23640.0	0	 	0
9	7	253320.0	253320.0	253320.0	0	 	0
9	8	498060.0	498060.0	498060.0	0	 	0
9	10	370500.0	370500.0	370500.0	0	 	0
9	11	481800.0	481800.0	481800.0	0	 	0
9	12	87480.0	87480.0	87480.0	0	 	0
9	13	130920.0	130920.0	130920.0	0	 	0
9	14	543600.0	543600.0	543600.0	0	 	0
9	15	568920.0	568920.0	568920.0	0	 	0
9	16	64920.0	64920.0	64920.0	0	 	0
9	17	269880.0	269880.0	269880.0	0	 	0
9	18	139500.0	139500.0	139500.0	0	 	0
9	19	372420.0	372420.0	372420.0	0	 	0
10	0	295080.0	295080.0	295080.0	0	 	0
10	1	124080.0	124080.0	124080.0	0	 	0
10	2	240780.0	240780.0	240780.0	0	 	0
10	3	422640.0	422640.0	422640.0	0	 	0
10	4	46560.0	46560.0	46560.0	0	 	0
10	5	106140.0	106140.0	106140.0	0	 	0
10	6	353940.0	353940.0	353940.0	0	 	0
10	7	564960.0	564960.0	564960.0	0	 	0
10	8	410040.0	410040.0	410040.0	0	 	0
10	9	180360.0	180360.0	180360.0	0	 	0
10	11	406920.0	406920.0	406920.0	0	 	0
10	12	213000.0	213000.0	213000.0	0	 	0
10	13	483900.0	483900.0	483900.0	0	 	0
10	14	21060.0	21060.0	21060.0	0	 	0
10	15	55440.0	55440.0	55440.0	0	 	0
10	16	358620.0	358620.0	358620.0	0	 	0
10	17	188100.0	188100.0	188100.0	0	 	0
10	18	376620.0	376620.0	376620.0	0	 	0
10	19	494580.0	494580.0	494580.0	0	 	0
11	0	202440.0	202440.0	202440.0	0	 	0
11	1	118260.0	118260.0	118260.0	0	 	0
11	2	111960.0	111960.0	111960.0	0	 	0
11	3	75300.0	75300.0	75300.0	0	 	0
11	4	432780.0	432780.0	432780.0	0	 	0
11	5	268920.0	268920.0	268920.0	0	 	0
11	6	43740.0	43740.0	43740.0	0	 	0
11	7	26340.0	26340.0	26340.0	0	 	0
11	8	425940.0	425940.0	425940.0	0	 	0
11	9	350640.0	350640.0	350640.0	0	 	0
11	10	522780.0	522780.0	522780.0	0	 	0
11	12	574560.0	574560.0	574560.0	0	 	0
11	13	394380.0	394380.0	394380.0	0	 	0
11	14	599040.0	599040.0	599040.0	0	 	0
11	15	393600.0	393600.0	393600.0	0	 	0
11	16	358740.0	358740.0	358740.0	0	 	0
11	17	126780.0	126780.0	126780.0	0	 	0
11	18	70500.0	70500.0	70500.0	0	 	0
11	19	567840.0	567840.0	567840.0	0	 	0
12	0	358500.0	358500.0	358500.0	0	 	0
12	1	191640.0	191640.0	191640.0	0	 	0
12	2	266640.0	266640.0	266640.0	0	 	0
12	3	218100.0	218100.0	218100.0	0	 	0
12	4	309960.0	309960.0	309960.0	0	 	0
12	5	183000.0	183000.0	183000.0	0	 	0
12	6	1200.0	1200.0	1200.0	0	 	0
12	7	199440.0	199440.0	199440.0	0	 	0
12	8	20580.0	20580.0	20580.0	0	 	0
12	9	310320.0	310320.0	310320.0	0	 	0
12	10	140280.0	140280.0	140280.0	0	 	0
12	11	199860.0	199860.0	199860.0	0	 	0
12	13	227940.0	227940.0	227940.0	0	 	0
12	14	491460.0	491460.0	491460.0	0	 	0
12	15	163140.0	163140.0	163140.0	0	 	0
12	16	238380.0	238380.0	238380.0	0	 	0
12	17	496200.0	496200.0	496200.0	0	 	0
12	18	362040.0	362040.0	362040.0	0	 	0
12	19	282960.0	282960.0	282960.0	0	 	0
13	0	133440.0	133440.0	133440.0	0	 	0
13	1	154560.0	154560.0	154560.0	0	 	0
13	2	64620.0	64620.0	64620.0	0	 	0
13	3	134100.0	134100.0	134100.0	0	 	0
13	4	257220.0	257220.0	257220.0	0	 	0
13	5	425100.0	425100.0	425100.0	0	 	0
13	6	386160.0	386160.0	386160.0	0	 	0
13	7	394200.0	394200.0	394200.0	0	 	0
13	8	339300.0	339300.0	339300.0	0	 	0
13	9	237000.0	237000.0	237000.0	0	 	0
13	10	66300.0	66300.0	66300.0	0	 	0
13	11	3240.0	3240.0	3240.0	0	 	0
13	12	175380.0	175380.0	175380.0	0	 	0
13	14	322080.0	322080.0	322080.0	0	 	0
13	15	103980.0	103980.0	103980.0	0	 	0
13	16	553200.0	553200.0	553200.0	0	 	0
13	17	379020.0	379020.0	379020.0	0	 	0
13	18	575400.0	575400.0	575400.0	0	 	0
13	19	319200.0	319200.0	319200.0	0	 	0
14	0	518700.0	518700.0	518700.0	0	 	0
14	1	467700.0	467700.0	467700.0	0	 	0
14	2	428820.0	428820.0	428820.0	0	 	0
14	3	185100.0	185100.0	185100.0	0	 	0
14	4	379980.0	379980.0	379980.0	0	 	0
14	5	399540.0	399540.0	399540.0	0	 	0
14	6	376560.0	376560.0	376560.0	0	 	0
14	7	140280.0	140280.0	140280.0	0	 	0
14	8	327540.0	327540.0	327540.0	0	 	0
14	9	239220.0	239220.0	239220.0	0	 	0
14	10	109200.0	109200.0	109200.0	0	 	0
14	11	312720.0	312720.0	312720.0	0	 	0
14	12	125940.0	125940.0	125940.0	0	 	0
14	13	74580.0	74580.0	74580.0	0	 	0
14	15	451740.0	451740.0	451740.0	0	 	0
14	16	446760.0	446760.0	446760.0	0	 	0
14	17	402480.0	402480.0	402480.0	0	 	0
14	18	203640.0	203640.0	203640.0	0	 	0
14	19	586740.0	586740.0	586740.0	0	 	0
15	0	105720.0	105720.0	105720.0	0	 	0
15	1	596220.0	596220.0	596220.0	0	 	0
15	2	522900.0	522900.0	522900.0	0	 	0
15	3	54360.0	54360.0	54360.0	0	 	0
15	4	157920.0	157920.0	157920.0	0	 	0
15	5	468000.0	468000.0	468000.0	0	 	0
15	6	226140.0	226140.0	226140.0	0	 	0
15	7	202980.0	202980.0	202980.0	0	 	0
15	8	227820.0	227820.0	227820.0	0	 	0
15	9	398820.0	398820.0	398820.0	0	 	0
15	10	34800.0	34800.0	34800.0	0	 	0
15	11	499920.0	499920.0	499920.0	0	 	0
15	12	359700.0	359700.0	359700.0	0	 	0
15	13	586980.0	586980.0	586980.0	0	 	0
15	14	193800.0	193800.0	193800.0	0	 	0
15	16	246480.0	246480.0	246480.0	0	 	0
15	17	227400.0	227400.0	227400.0	0	 	0
15	18	98040.0	98040.0	98040.0	0	 	0
15	19	140340.0	140340.0	140340.0	0	 	0
16	0	583800.0	583800.0	583800.0	0	 	0
16	1	405060.0	405060.0	405060.0	0	 	0
16	2	597960.0	597960.0	597960.0	0	 	0
16	3	252660.0	252660.0	252660.0	0	 	0
16	4	182340.0	182340.0	182340.0	0	 	0
16	5	323820.0	323820.0	323820.0	0	 	0
16	6	35880.0	35880.0	35880.0	0	 	0
16	7	454860.0	454860.0	454860.0	0	 	0
16	8	480000.0	480000.0	480000.0	0	 	0
16	9	27060.0	27060.0	27060.0	0	 	0
16	10	487980.0	487980.0	487980.0	0	 	0
16	11	492900.0	492900.0	492900.0	0	 	0
16	12	397380.0	397380.0	397380.0	0	 	0
16	13	377400.0	377400.0	377400.0	0	 	0
16	14	406200.0	406200.0	406200.0	0	 	0
16	15	21360.0	21360.0	21360.0	0	 	0
16	17	510480.0	510480.0	510480.0	0	 	0
16	18	181740.0	181740.0	181740.0	0	 	0
16	19	421920.0	421920.0	421920.0	0	 	0
17	0	21660.0	21660.0	21660.0	0	 	0
17	1	205440.0	205440.0	205440.0	0	 	0
17	2	316320.0	316320.0	316320.0	0	 	0
17	3	548040.0	548040.0	548040.0	0	 	0
17	4	123900.0	123900.0	123900.0	0	 	0
17	5	523980.0	523980.0	523980.0	0	 	0
17	6	48540.0	48540.0	48540.0	0	 	0
17	7	267420.0	267420.0	267420.0	0	 	0
17	8	266520.0	266520.0	266520.0	0	 	0
17	9	536280.0	536280.0	536280.0	0	 	0
17	10	285660.0	285660.0	285660.0	0	 	0
17	11	211020.0	211020.0	211020.0	0	 	0
17	12	479820.0	479820.0	479820.0	0	 	0
17	13	424440.0	424440.0	424440.0	0	 	0
17	14	145920.0	145920.0	145920.0	0	 	0
17	15	100500.0	100500.0	100500.0	0	 	0
17	16	208800.0	208800.0	208800.0	0	 	0
17	18	508500.0	508500.0	508500.0	0	 	0
17	19	225540.0	225540.0	225540.0	0	 	0
18	0	165660.0	165660.0	165660.0	0	 	0
18	1	155520.0	155520.0	155520.0	0	 	0
18	2	588960.0	588960.0	588960.0	0	 	0
18	3	214080.0	214080.0	214080.0	0	 	0
18	4	109320.0	109320.0	109320.0	0	 	0
18	5	16740.0	16740.0	16740.0	0	 	0
18	6	412500.0	412500.0	412500.0	0	 	0
18	7	517380.0	517380.0	517380.0	0	 	0
18	8	38400.0	38400.0	38400.0	0	 	0
18	9	120420.0	120420.0	120420.0	0	 	0
18	10	186060.0	186060.0	186060.0	0	 	0
18	11	217080.0	217080.0	217080.0	0	 	0
18	12	216120.0	216120.0	216120.0	0	 	0
18	13	389640.0	389640.0	389640.0	0	 	0
18	14	362940.0	362940.0	362940.0	0	 	0
18	15	10560.0	10560.0	10560.0	0	 	0
18	16	408240.0	408240.0	408240.0	0	 	0
18	17	130620.0	130620.0	130620.0	0	 	0
18	19	525600.0	525600.0	525600.0	0	 	0
19	0	442500.0	442500.0	442500.0	0	 	0
19	1	49860.0	49860.0	49860.0	0	 	0
19	2	268680.0	268680.0	268680.0	0	 	0
19	3	287340.0	287340.0	287340.0	0	 	0
19	4	518580.0	518580.0	518580.0	0	 	0
19	5	35340.0	35340.0	35340.0	0	 	0
19	6	420840.0	420840.0	420840.0	0	 	0
19	7	252000.0	252000.0	252000.0	0	 	0
19	8	437100.0	437100.0	437100.0	0	 	0
19	9	519600.0	519600.0	519600.0	0	 	0
19	10	336480.0	336480.0	336480.0	0	 	0
19	11	107640.0	107640.0	107640.0	0	 	0
19	12	93360.0	93360.0	93360.0	0	 	0
19	13	229740.0	229740.0	229740.0	0	 	0
19	14	197100.0	197100.0	197100.0	0	 	0
19	15	326940.0	326940.0	326940.0	0	 	0
19	16	443820.0	443820.0	443820.0	0	 	0
19	17	580140.0	580140.0	580140.0	0	 	0
19	18	173400.0	173400.0	173400.0	0	 	0

l	i	j	v Observado	v Estimado
0	0	1	573600.0	573600.0
1	0	1	573600.0	573600.0
2	0	1	573600.0	573600.0
3	0	1	573600.0	573600.0
4	0	1	573600.0	573600.0
0	0	2	209490.0	209490.0
1	0	2	209490.0	209490.0
2	0	2	209490.0	209490.0
3	0	2	209490.0	209490.0
4	0	2	209490.0	209490.0
0	0	3	179934.0	179934.0
1	0	3	179934.0	179934.0
2	0	3	179934.0	179934.0
3	0	3	179934.0	179934.0
4	0	3	179934.0	179934.0
0	1	4	153210.0	153210.0
1	1	4	155622.0	155622.0
2	1	4	160446.0	160446.0
3	1	4	145974.0	145974.0
4	1	4	170094.0	170094.0
0	2	4	330780.0	330780.0
1	2	4	374196.0	374196.0
2	2	4	321132.0	321132.0
3	2	4	379020.0	379020.0
4	2	4	325956.0	325956.0
0	1	5	349176.0	349176.0
1	1	5	349176.0	349176.0
2	1	5	349176.0	349176.0
3	1	5	349176.0	349176.0
4	1	5	349176.0	349176.0
0	2	5	213054.0	213054.0
1	2	5	213054.0	213054.0
2	2	5	213054.0	213054.0
3	2	5	213054.0	213054.0
4	2	5	213054.0	213054.0
0	0	6	580308.0	580308.0
1	0	6	580308.0	580308.0
2	0	6	580308.0	580308.0
3	0	6	580308.0	580308.0
4	0	6	580308.0	580308.0
0	1	7	516612.0	516612.0
1	1	7	516612.0	516612.0
2	1	7	516612.0	516612.0
3	1	7	516612.0	516612.0
4	1	7	516612.0	516612.0
0	6	7	164934.0	164934.0
1	6	7	164934.0	164934.0
2	6	7	164934.0	164934.0
3	6	7	164934.0	164934.0
4	6	7	164934.0	164934.0
0	6	8	303648.0	303648.0
1	6	8	303648.0	303648.0
2	6	8	303648.0	303648.0
3	6	8	303648.0	303648.0
4	6	8	303648.0	303648.0
0	1	9	750498.0	750498.0
1	1	9	750498.0	750498.0
2	1	9	750498.0	750498.0
3	1	9	750498.0	750498.0
4	1	9	750498.0	750498.0
0	6	9	264660.0	264660.0
1	6	9	264660.0	264660.0
2	6	9	264660.0	264660.0
3	6	9	264660.0	264660.0
4	6	9	264660.0	264660.0
0	9	10	264744.0	264744.0
1	9	10	264744.0	264744.0
2	9	10	264744.0	264744.0
3	9	10	264744.0	264744.0
4	9	10	264744.0	264744.0
0	2	11	683760.0	683760.0
1	2	11	683760.0	683760.0
2	2	11	683760.0	683760.0
3	2	11	683760.0	683760.0
4	2	11	683760.0	683760.0
0	9	12	406782.0	406782.0
1	9	12	406782.0	406782.0
2	9	12	406782.0	406782.0
3	9	12	406782.0	406782.0
4	9	12	406782.0	406782.0
0	0	19	239580.0	239580.0
0	19	13	294408.0	294408.0
1	0	19	239580.0	239580.0
1	19	13	294408.0	294408.0
2	0	19	239580.0	239580.0
2	19	13	294408.0	294408.0
3	0	19	239580.0	239580.0
3	19	13	294408.0	294408.0
4	0	19	239580.0	239580.0
4	19	13	294408.0	294408.0
0	6	13	256650.0	256650.0
1	6	13	256650.0	256650.0
2	6	13	256650.0	256650.0
3	6	13	256650.0	256650.0
4	6	13	256650.0	256650.0
0	1	14	394218.0	394218.0
1	1	14	394218.0	394218.0
2	1	14	394218.0	394218.0
3	1	14	394218.0	394218.0
4	1	14	394218.0	394218.0
0	0	18	245268.0	245268.0
0	18	14	154758.0	154758.0
1	0	18	245268.0	245268.0
1	18	14	154758.0	154758.0
2	0	18	245268.0	245268.0
2	18	14	154758.0	154758.0
3	0	18	245268.0	245268.0
3	18	14	154758.0	154758.0
4	0	18	245268.0	245268.0
4	18	14	154758.0	154758.0
0	19	15	165900.0	165900.0
1	19	15	165900.0	165900.0
2	19	15	165900.0	165900.0
3	19	15	165900.0	165900.0
4	19	15	165900.0	165900.0
0	18	15	90252.0	90252.0
1	18	15	90252.0	90252.0
2	18	15	90252.0	90252.0
3	18	15	90252.0	90252.0
4	18	15	90252.0	90252.0
0	1	16	94272.0	94272.0
1	1	16	94272.0	94272.0
2	1	16	94272.0	94272.0
3	1	16	94272.0	94272.0
4	1	16	94272.0	94272.0
0	19	16	165672.0	165672.0
1	19	16	165672.0	165672.0
2	19	16	165672.0	165672.0
3	19	16	165672.0	165672.0
4	19	16	165672.0	165672.0
0	0	17	232680.0	232680.0
1	0	17	232680.0	232680.0
2	0	17	232680.0	232680.0
3	0	17	232680.0	232680.0
4	0	17	232680.0	232680.0
0	1	0	133068.0	133068.0
1	1	0	133068.0	133068.0
2	1	0	133068.0	133068.0
3	1	0	133068.0	133068.0
4	1	0	133068.0	133068.0
0	1	2	176484.0	176484.0
1	1	2	176484.0	176484.0
2	1	2	176484.0	176484.0
3	1	2	176484.0	176484.0
4	1	2	176484.0	176484.0
0	1	3	79860.0	79860.0
1	1	3	79860.0	79860.0
2	1	3	79860.0	79860.0
3	1	3	79860.0	79860.0
4	1	3	79860.0	79860.0
0	2	6	115332.0	115332.0
1	2	6	115332.0	115332.0
2	2	6	115332.0	115332.0
3	2	6	115332.0	115332.0
4	2	6	115332.0	115332.0
0	9	8	123822.0	123822.0
1	9	8	123822.0	123822.0
2	9	8	123822.0	123822.0
3	9	8	123822.0	123822.0
4	9	8	123822.0	123822.0
0	5	8	301812.0	301812.0
1	5	8	301812.0	301812.0
2	5	8	301812.0	301812.0
3	5	8	301812.0	301812.0
4	5	8	301812.0	301812.0
0	7	10	184494.0	184494.0
1	7	10	184494.0	184494.0
2	7	10	184494.0	184494.0
3	7	10	184494.0	184494.0
4	7	10	184494.0	184494.0
0	9	11	336756.0	336756.0
1	9	11	336756.0	336756.0
2	9	11	336756.0	336756.0
3	9	11	336756.0	336756.0
4	9	11	336756.0	336756.0
0	14	12	148398.0	148398.0
1	14	12	148398.0	148398.0
2	14	12	148398.0	148398.0
3	14	12	148398.0	148398.0
4	14	12	148398.0	148398.0
0	1	19	412854.0	412854.0
1	1	19	412854.0	412854.0
2	1	19	412854.0	412854.0
3	1	19	412854.0	412854.0
4	1	19	412854.0	412854.0
0	14	13	197202.0	197202.0
1	14	13	197202.0	197202.0
2	14	13	197202.0	197202.0
3	14	13	197202.0	197202.0
4	14	13	197202.0	197202.0
0	4	15	484014.0	484014.0
1	4	15	484014.0	484014.0
2	4	15	484014.0	484014.0
3	4	15	484014.0	484014.0
4	4	15	484014.0	484014.0
0	1	17	394278.0	394278.0
1	1	17	394278.0	394278.0
2	1	17	394278.0	394278.0
3	1	17	394278.0	394278.0
4	1	17	394278.0	394278.0
0	1	18	391992.0	391992.0
1	1	18	391992.0	391992.0
2	1	18	391992.0	391992.0
3	1	18	391992.0	391992.0
4	1	18	391992.0	391992.0
0	2	0	181338.0	181338.0
1	2	0	181338.0	181338.0
2	2	0	181338.0	181338.0
3	2	0	181338.0	181338.0
4	2	0	181338.0	181338.0
0	2	1	321240.0	321240.0
1	2	1	321240.0	321240.0
2	2	1	321240.0	321240.0
3	2	1	321240.0	321240.0
4	2	1	321240.0	321240.0
0	2	3	12282.0	12282.0
1	2	3	12282.0	12282.0
2	2	3	12282.0	12282.0
3	2	3	12282.0	12282.0
4	2	3	12282.0	12282.0
0	4	7	196278.0	196278.0
1	4	7	196278.0	196278.0
2	4	7	196278.0	196278.0
3	4	7	196278.0	196278.0
4	4	7	196278.0	196278.0
0	11	8	279420.0	279420.0
1	11	8	279420.0	279420.0
2	11	8	279420.0	279420.0
3	11	8	279420.0	279420.0
4	11	8	279420.0	279420.0
0	4	9	270780.0	270780.0
1	4	9	270780.0	270780.0
2	4	9	270780.0	270780.0
3	4	9	270780.0	270780.0
4	4	9	270780.0	270780.0
0	11	10	275766.0	275766.0
1	11	10	275766.0	275766.0
2	11	10	275766.0	275766.0
3	11	10	275766.0	275766.0
4	11	10	275766.0	275766.0
0	11	12	191694.0	191694.0
1	11	12	191694.0	191694.0
2	11	12	191694.0	191694.0
3	11	12	191694.0	191694.0
4	11	12	191694.0	191694.0
0	2	16	201414.0	201414.0
0	16	12	468948.0	468948.0
1	2	16	201414.0	201414.0
1	16	12	468948.0	468948.0
2	2	16	201414.0	201414.0
2	16	12	468948.0	468948.0
3	2	16	201414.0	201414.0
3	16	12	468948.0	468948.0
4	2	16	201414.0	201414.0
4	16	12	468948.0	468948.0
0	2	19	284550.0	284550.0
1	2	19	284550.0	284550.0
2	2	19	284550.0	284550.0
3	2	19	284550.0	284550.0
4	2	19	284550.0	284550.0
0	11	13	246444.0	246444.0
1	11	13	246444.0	246444.0
2	11	13	246444.0	246444.0
3	11	13	246444.0	246444.0
4	11	13	246444.0	246444.0
0	11	14	317136.0	317136.0
1	11	14	317136.0	317136.0
2	11	14	317136.0	317136.0
3	11	14	317136.0	317136.0
4	11	14	317136.0	317136.0
0	3	0	84612.0	84612.0
1	3	0	84612.0	84612.0
2	3	0	84612.0	84612.0
3	3	0	84612.0	84612.0
4	3	0	84612.0	84612.0
0	3	1	226512.0	226512.0
1	3	1	226512.0	226512.0
2	3	1	226512.0	226512.0
3	3	1	226512.0	226512.0
4	3	1	226512.0	226512.0
0	3	2	211338.0	211338.0
1	3	2	211338.0	211338.0
2	3	2	211338.0	211338.0
3	3	2	211338.0	211338.0
4	3	2	211338.0	211338.0
0	3	4	99972.0	99972.0
1	3	4	99972.0	99972.0
2	3	4	99972.0	99972.0
3	3	4	99972.0	99972.0
4	3	4	99972.0	99972.0
0	3	5	81498.0	81498.0
1	3	5	81498.0	81498.0
2	3	5	81498.0	81498.0
3	3	5	81498.0	81498.0
4	3	5	81498.0	81498.0
0	3	6	92982.0	92982.0
1	3	6	92982.0	92982.0
2	3	6	92982.0	92982.0
3	3	6	92982.0	92982.0
4	3	6	92982.0	92982.0
0	3	16	331104.0	331104.0
0	16	11	312522.0	312522.0
1	3	16	331104.0	331104.0
1	16	11	312522.0	312522.0
2	3	16	331104.0	331104.0
2	16	11	312522.0	312522.0
3	3	16	331104.0	331104.0
3	16	11	312522.0	312522.0
4	3	16	331104.0	331104.0
4	16	11	312522.0	312522.0
0	16	13	272760.0	272760.0
1	16	13	272760.0	272760.0
2	16	13	272760.0	272760.0
3	16	13	272760.0	272760.0
4	16	13	272760.0	272760.0
0	16	14	116544.0	116544.0
1	16	14	116544.0	116544.0
2	16	14	116544.0	116544.0
3	16	14	116544.0	116544.0
4	16	14	116544.0	116544.0
0	16	15	37146.0	37146.0
1	16	15	37146.0	37146.0
2	16	15	37146.0	37146.0
3	16	15	37146.0	37146.0
4	16	15	37146.0	37146.0
0	4	3	80550.0	80550.0
1	4	3	80550.0	80550.0
2	4	3	80550.0	80550.0
3	4	3	80550.0	80550.0
4	4	3	80550.0	80550.0
0	4	2	258408.0	258408.0
1	4	2	258408.0	258408.0
2	4	2	258408.0	258408.0
3	4	2	258408.0	258408.0
4	4	2	258408.0	258408.0
0	4	1	132306.0	132306.0
1	4	1	132306.0	132306.0
2	4	1	132306.0	132306.0
3	4	1	132306.0	132306.0
4	4	1	132306.0	132306.0
0	4	5	221820.0	221820.0
1	4	5	221820.0	221820.0
2	4	5	221820.0	221820.0
3	4	5	221820.0	221820.0
4	4	5	221820.0	221820.0
0	4	6	178134.0	178134.0
1	4	6	178134.0	178134.0
2	4	6	178134.0	178134.0
3	4	6	178134.0	178134.0
4	4	6	178134.0	178134.0
0	15	12	278784.0	278784.0
1	15	12	278784.0	278784.0
2	15	12	278784.0	278784.0
3	15	12	278784.0	278784.0
4	15	12	278784.0	278784.0
0	15	13	245706.0	245706.0
1	15	13	245706.0	245706.0
2	15	13	245706.0	245706.0
3	15	13	245706.0	245706.0
4	15	13	245706.0	245706.0
0	15	14	184356.0	184356.0
1	15	14	184356.0	184356.0
2	15	14	184356.0	184356.0
3	15	14	184356.0	184356.0
4	15	14	184356.0	184356.0
0	15	17	161376.0	161376.0
1	15	17	161376.0	161376.0
2	15	17	161376.0	161376.0
3	15	17	161376.0	161376.0
4	15	17	161376.0	161376.0
0	15	18	158904.0	158904.0
1	15	18	158904.0	158904.0
2	15	18	158904.0	158904.0
3	15	18	158904.0	158904.0
4	15	18	158904.0	158904.0
0	5	6	148686.0	148686.0
0	6	0	339108.0	339108.0
1	5	6	148686.0	148686.0
1	6	0	339108.0	339108.0
2	5	6	148686.0	148686.0
2	6	0	339108.0	339108.0
3	5	6	148686.0	148686.0
3	6	0	339108.0	339108.0
4	5	6	148686.0	148686.0
4	6	0	339108.0	339108.0
0	5	3	228054.0	228054.0
1	5	3	228054.0	228054.0
2	5	3	228054.0	228054.0
3	5	3	228054.0	228054.0
4	5	3	228054.0	228054.0
0	5	1	289806.0	289806.0
1	5	1	289806.0	289806.0
2	5	1	289806.0	289806.0
3	5	1	289806.0	289806.0
4	5	1	289806.0	289806.0
0	5	2	184200.0	184200.0
1	5	2	184200.0	184200.0
2	5	2	184200.0	184200.0
3	5	2	184200.0	184200.0
4	5	2	184200.0	184200.0
0	5	4	140016.0	140016.0
1	5	4	140016.0	140016.0
2	5	4	140016.0	140016.0
3	5	4	140016.0	140016.0
4	5	4	140016.0	140016.0
0	5	7	54150.0	54150.0
1	5	7	54150.0	54150.0
2	5	7	54150.0	54150.0
3	5	7	54150.0	54150.0
4	5	7	54150.0	54150.0
0	8	10	88746.0	88746.0
1	8	10	88746.0	88746.0
2	8	10	88746.0	88746.0
3	8	10	88746.0	88746.0
4	8	10	88746.0	88746.0
0	8	11	292350.0	292350.0
1	8	11	292350.0	292350.0
2	8	11	292350.0	292350.0
3	8	11	292350.0	292350.0
4	8	11	292350.0	292350.0
0	8	12	297702.0	297702.0
1	8	12	297702.0	297702.0
2	8	12	297702.0	297702.0
3	8	12	297702.0	297702.0
4	8	12	297702.0	297702.0
0	6	5	233304.0	233304.0
1	6	5	233304.0	233304.0
2	6	5	233304.0	233304.0
3	6	5	233304.0	233304.0
4	6	5	233304.0	233304.0
0	7	1	399048.0	399048.0
1	7	1	399048.0	399048.0
2	7	1	399048.0	399048.0
3	7	1	399048.0	399048.0
4	7	1	399048.0	399048.0
0	6	2	148998.0	148998.0
1	6	2	148998.0	148998.0
2	6	2	148998.0	148998.0
3	6	2	148998.0	148998.0
4	6	2	148998.0	148998.0
0	6	3	242982.0	242982.0
1	6	3	242982.0	242982.0
2	6	3	242982.0	242982.0
3	6	3	242982.0	242982.0
4	6	3	242982.0	242982.0
0	6	4	71628.0	71628.0
1	6	4	71628.0	71628.0
2	6	4	71628.0	71628.0
3	6	4	71628.0	71628.0
4	6	4	71628.0	71628.0
0	13	14	208590.0	208590.0
1	13	14	208590.0	208590.0
2	13	14	208590.0	208590.0
3	13	14	208590.0	208590.0
4	13	14	208590.0	208590.0
0	13	15	202278.0	202278.0
1	13	15	202278.0	202278.0
2	13	15	202278.0	202278.0
3	13	15	202278.0	202278.0
4	13	15	202278.0	202278.0
0	7	6	131100.0	131100.0
1	7	6	131100.0	131100.0
2	7	6	131100.0	131100.0
3	7	6	131100.0	131100.0
4	7	6	131100.0	131100.0
0	7	5	126528.0	126528.0
1	7	5	126528.0	126528.0
2	7	5	126528.0	126528.0
3	7	5	126528.0	126528.0
4	7	5	126528.0	126528.0
0	7	4	213174.0	213174.0
1	7	4	213174.0	213174.0
2	7	4	213174.0	213174.0
3	7	4	213174.0	213174.0
4	7	4	213174.0	213174.0
0	7	8	100206.0	100206.0
1	7	8	100206.0	100206.0
2	7	8	100206.0	100206.0
3	7	8	100206.0	100206.0
4	7	8	100206.0	100206.0
0	7	9	194574.0	194574.0
1	7	9	194574.0	194574.0
2	7	9	194574.0	194574.0
3	7	9	194574.0	194574.0
4	7	9	194574.0	194574.0
0	10	13	234060.0	234060.0
1	10	13	234060.0	234060.0
2	10	13	234060.0	234060.0
3	10	13	234060.0	234060.0
4	10	13	234060.0	234060.0
0	8	6	204798.0	204798.0
1	8	6	204798.0	204798.0
2	8	6	204798.0	204798.0
3	8	6	204798.0	204798.0
4	8	6	204798.0	204798.0
0	8	7	256662.0	256662.0
1	8	7	256662.0	256662.0
2	8	7	256662.0	256662.0
3	8	7	256662.0	256662.0
4	8	7	256662.0	256662.0
0	8	9	120090.0	120090.0
0	9	1	432102.0	432102.0
1	8	9	120090.0	120090.0
1	9	1	432102.0	432102.0
2	8	9	120090.0	120090.0
2	9	1	432102.0	432102.0
3	8	9	120090.0	120090.0
3	9	1	432102.0	432102.0
4	8	9	120090.0	120090.0
4	9	1	432102.0	432102.0
0	8	5	136920.0	136920.0
1	8	5	136920.0	136920.0
2	8	5	136920.0	136920.0
3	8	5	136920.0	136920.0
4	8	5	136920.0	136920.0
0	9	4	274644.0	274644.0
1	9	4	274644.0	274644.0
2	9	4	274644.0	274644.0
3	9	4	274644.0	274644.0
4	9	4	274644.0	274644.0
0	12	14	309444.0	309444.0
1	12	14	309444.0	309444.0
2	12	14	309444.0	309444.0
3	12	14	309444.0	309444.0
4	12	14	309444.0	309444.0
0	12	15	304968.0	304968.0
1	12	15	304968.0	304968.0
2	12	15	304968.0	304968.0
3	12	15	304968.0	304968.0
4	12	15	304968.0	304968.0
0	11	16	200868.0	200868.0
1	11	16	200868.0	200868.0
2	11	16	200868.0	200868.0
3	11	16	200868.0	200868.0
4	11	16	200868.0	200868.0
0	12	16	219822.0	219822.0
1	12	16	219822.0	219822.0
2	12	16	219822.0	219822.0
3	12	16	219822.0	219822.0
4	12	16	219822.0	219822.0
0	9	6	288384.0	288384.0
1	9	6	288384.0	288384.0
2	9	6	288384.0	288384.0
3	9	6	288384.0	288384.0
4	9	6	288384.0	288384.0
0	11	2	443112.0	443112.0
1	11	2	443112.0	443112.0
2	11	2	443112.0	443112.0
3	11	2	443112.0	443112.0
4	11	2	443112.0	443112.0
0	9	7	78324.0	78324.0
1	9	7	78324.0	78324.0
2	9	7	78324.0	78324.0
3	9	7	78324.0	78324.0
4	9	7	78324.0	78324.0
0	10	9	345018.0	345018.0
1	10	9	345018.0	345018.0
2	10	9	345018.0	345018.0
3	10	9	345018.0	345018.0
4	10	9	345018.0	345018.0
0	10	7	202668.0	202668.0
1	10	7	202668.0	202668.0
2	10	7	202668.0	202668.0
3	10	7	202668.0	202668.0
4	10	7	202668.0	202668.0
0	10	11	167508.0	167508.0
1	10	11	167508.0	167508.0
2	10	11	167508.0	167508.0
3	10	11	167508.0	167508.0
4	10	11	167508.0	167508.0
0	10	8	128016.0	128016.0
1	10	8	128016.0	128016.0
2	10	8	128016.0	128016.0
3	10	8	128016.0	128016.0
4	10	8	128016.0	128016.0
0	10	12	86112.0	86112.0
1	10	12	86112.0	86112.0
2	10	12	86112.0	86112.0
3	10	12	86112.0	86112.0
4	10	12	86112.0	86112.0
0	13	19	319854.0	319854.0
1	13	19	319854.0	319854.0
2	13	19	319854.0	319854.0
3	13	19	319854.0	319854.0
4	13	19	319854.0	319854.0
0	11	9	182568.0	182568.0
1	11	9	182568.0	182568.0
2	11	9	182568.0	182568.0
3	11	9	182568.0	182568.0
4	11	9	182568.0	182568.0
0	14	1	364080.0	364080.0
1	14	1	364080.0	364080.0
2	14	1	364080.0	364080.0
3	14	1	364080.0	364080.0
4	14	1	364080.0	364080.0
0	16	3	247632.0	247632.0
1	16	3	247632.0	247632.0
2	16	3	247632.0	247632.0
3	16	3	247632.0	247632.0
4	16	3	247632.0	247632.0
0	13	6	360156.0	360156.0
1	13	6	360156.0	360156.0
2	13	6	360156.0	360156.0
3	13	6	360156.0	360156.0
4	13	6	360156.0	360156.0
0	14	17	232566.0	232566.0
1	14	17	232566.0	232566.0
2	14	17	232566.0	232566.0
3	14	17	232566.0	232566.0
4	14	17	232566.0	232566.0
0	16	17	173154.0	173154.0
1	16	17	173154.0	173154.0
2	16	17	173154.0	173154.0
3	16	17	173154.0	173154.0
4	16	17	173154.0	173154.0
0	14	18	193392.0	193392.0
1	14	18	193392.0	193392.0
2	14	18	193392.0	193392.0
3	14	18	193392.0	193392.0
4	14	18	193392.0	193392.0
0	16	18	101778.0	101778.0
1	16	18	101778.0	101778.0
2	16	18	101778.0	101778.0
3	16	18	101778.0	101778.0
4	16	18	101778.0	101778.0
0	12	11	138336.0	138336.0
1	12	11	138336.0	138336.0
2	12	11	138336.0	138336.0
3	12	11	138336.0	138336.0
4	12	11	138336.0	138336.0
0	12	9	222498.0	222498.0
1	12	9	222498.0	222498.0
2	12	9	222498.0	222498.0
3	12	9	222498.0	222498.0
4	12	9	222498.0	222498.0
0	16	2	392622.0	392622.0
1	16	2	392622.0	392622.0
2	16	2	392622.0	392622.0
3	16	2	392622.0	392622.0
4	16	2	392622.0	392622.0
0	15	4	422274.0	422274.0
1	15	4	422274.0	422274.0
2	15	4	422274.0	422274.0
3	15	4	422274.0	422274.0
4	15	4	422274.0	422274.0
0	12	8	261948.0	261948.0
1	12	8	261948.0	261948.0
2	12	8	261948.0	261948.0
3	12	8	261948.0	261948.0
4	12	8	261948.0	261948.0
0	12	13	74004.0	74004.0
1	12	13	74004.0	74004.0
2	12	13	74004.0	74004.0
3	12	13	74004.0	74004.0
4	12	13	74004.0	74004.0
0	12	10	111198.0	111198.0
1	12	10	111198.0	111198.0
2	12	10	111198.0	111198.0
3	12	10	111198.0	111198.0
4	12	10	111198.0	111198.0
0	15	19	115038.0	115038.0
1	15	19	115038.0	115038.0
2	15	19	115038.0	115038.0
3	15	19	115038.0	115038.0
4	15	19	115038.0	115038.0
0	19	0	260082.0	260082.0
1	19	0	260082.0	260082.0
2	19	0	260082.0	260082.0
3	19	0	260082.0	260082.0
4	19	0	260082.0	260082.0
0	13	16	145968.0	145968.0
0	16	1	247062.0	247062.0
1	13	16	145968.0	145968.0
1	16	1	247062.0	247062.0
2	13	16	145968.0	145968.0
2	16	1	247062.0	247062.0
3	13	16	145968.0	145968.0
3	16	1	247062.0	247062.0
4	13	16	145968.0	145968.0
4	16	1	247062.0	247062.0
0	13	11	64740.0	64740.0
1	13	11	64740.0	64740.0
2	13	11	64740.0	64740.0
3	13	11	64740.0	64740.0
4	13	11	64740.0	64740.0
0	13	10	277518.0	277518.0
1	13	10	277518.0	277518.0
2	13	10	277518.0	277518.0
3	13	10	277518.0	277518.0
4	13	10	277518.0	277518.0
0	13	12	102042.0	102042.0
1	13	12	102042.0	102042.0
2	13	12	102042.0	102042.0
3	13	12	102042.0	102042.0
4	13	12	102042.0	102042.0
0	17	0	189666.0	189666.0
1	17	0	189666.0	189666.0
2	17	0	189666.0	189666.0
3	17	0	189666.0	189666.0
4	17	0	189666.0	189666.0
0	18	0	257862.0	257862.0
1	18	0	257862.0	257862.0
2	18	0	257862.0	257862.0
3	18	0	257862.0	257862.0
4	18	0	257862.0	257862.0
0	14	16	150744.0	150744.0
1	14	16	150744.0	150744.0
2	14	16	150744.0	150744.0
3	14	16	150744.0	150744.0
4	14	16	150744.0	150744.0
0	14	11	254904.0	254904.0
1	14	11	254904.0	254904.0
2	14	11	254904.0	254904.0
3	14	11	254904.0	254904.0
4	14	11	254904.0	254904.0
0	14	15	187020.0	187020.0
1	14	15	187020.0	187020.0
2	14	15	187020.0	187020.0
3	14	15	187020.0	187020.0
4	14	15	187020.0	187020.0
0	15	16	216636.0	216636.0
1	15	16	216636.0	216636.0
2	15	16	216636.0	216636.0
3	15	16	216636.0	216636.0
4	15	16	216636.0	216636.0
0	16	19	84384.0	84384.0
1	16	19	84384.0	84384.0
2	16	19	84384.0	84384.0
3	16	19	84384.0	84384.0
4	16	19	84384.0	84384.0
0	17	1	319014.0	319014.0
1	17	1	319014.0	319014.0
2	17	1	319014.0	319014.0
3	17	1	319014.0	319014.0
4	17	1	319014.0	319014.0
0	17	16	350160.0	350160.0
1	17	16	350160.0	350160.0
2	17	16	350160.0	350160.0
3	17	16	350160.0	350160.0
4	17	16	350160.0	350160.0
0	17	19	76740.0	76740.0
0	19	2	234414.0	234414.0
1	17	19	76740.0	76740.0
1	19	2	277830.0	277830.0
2	17	19	76740.0	76740.0
2	19	2	224766.0	224766.0
3	17	19	76740.0	76740.0
3	19	2	282654.0	282654.0
4	17	19	76740.0	76740.0
4	19	2	229590.0	229590.0
0	17	15	122916.0	122916.0
1	17	15	122916.0	122916.0
2	17	15	122916.0	122916.0
3	17	15	122916.0	122916.0
4	17	15	122916.0	122916.0
0	17	14	69996.0	69996.0
1	17	14	69996.0	69996.0
2	17	14	69996.0	69996.0
3	17	14	69996.0	69996.0
4	17	14	69996.0	69996.0
0	17	18	101700.0	101700.0
1	17	18	101700.0	101700.0
2	17	18	101700.0	101700.0
3	17	18	101700.0	101700.0
4	17	18	101700.0	101700.0
0	18	1	172944.0	172944.0
1	18	1	172944.0	172944.0
2	18	1	172944.0	172944.0
3	18	1	172944.0	172944.0
4	18	1	172944.0	172944.0
0	18	19	240192.0	240192.0
1	18	19	240192.0	240192.0
2	18	19	240192.0	240192.0
3	18	19	240192.0	240192.0
4	18	19	240192.0	240192.0
0	18	16	251916.0	251916.0
1	18	16	251916.0	251916.0
2	18	16	251916.0	251916.0
3	18	16	251916.0	251916.0
4	18	16	251916.0	251916.0
0	18	17	26124.0	26124.0
1	18	17	26124.0	26124.0
2	18	17	26124.0	26124.0
3	18	17	26124.0	26124.0
4	18	17	26124.0	26124.0
0	19	1	247212.0	247212.0
1	19	1	249624.0	249624.0
2	19	1	254448.0	254448.0
3	19	1	239976.0	239976.0
4	19	1	264096.0	264096.0
0	19	18	54390.0	54390.0
1	19	18	54390.0	54390.0
2	19	18	54390.0	54390.0
3	19	18	54390.0	54390.0
4	19	18	54390.0	54390.0
0	19	17	135738.0	135738.0
1	19	17	135738.0	135738.0
2	19	17	135738.0	135738.0
3	19	17	135738.0	135738.0
4	19	17	135738.0	135738.0
