-----------------------------------------------------
-----     Resultados para Ejemplo Peque   -----
-----------------------------------------------------

Parametro Deficit (alfa): 1.0
Parametro Exceso (beta):  1.0
Parametro de probabilidades (epsilon): 0.1
CPU time: 0.0
p	q	g Estimada	g Exacta	g Referencia	Deficit	Exceso
0	1	3356.0	3356.0	3356.0	0	 	0
0	2	2612.0	2612.0	2612.0	0	 	0
0	3	8472.0	8472.0	8472.0	0	 	0
0	4	68.0	68.0	68.0	0	 	0
1	0	1136.0	1136.0	1136.0	0	 	0
1	2	9580.0	9580.0	9580.0	0	 	0
1	3	3540.0	3540.0	3540.0	0	 	0
1	4	4000.0	4000.0	4000.0	0	 	0
2	0	6824.0	6824.0	6824.0	0	 	0
2	1	1028.0	1028.0	1028.0	0	 	0
2	3	9036.0	9036.0	9036.0	0	 	0
2	4	6440.0	6440.0	6440.0	0	 	0
3	0	7684.0	7684.0	7684.0	0	 	0
3	1	7872.0	7872.0	7872.0	0	 	0
3	2	876.0	876.0	876.0	0	 	0
3	4	4920.0	4920.0	4920.0	0	 	0
4	0	9356.0	9356.0	9356.0	0	 	0
4	1	6120.0	6120.0	6120.0	0	 	0
4	2	6436.0	6436.0	6436.0	0	 	0
4	3	7016.0	7016.0	7016.0	0	 	0

l	i	j	v Observado	v Estimado
0	0	1	15702.0	15702.0
0	1	2	12656.0	12656.0
0	0	3	11548.0	11548.0
0	3	2	11570.0	11570.0
0	0	4	4068.0	4068.0
0	1	0	10318.0	10318.0
0	2	3	20658.0	20658.0
0	0	4	4068.0	4068.0
0	2	1	7392.0	7392.0
0	3	0	16016.0	16016.0
0	3	4	11360.0	11360.0
0	0	1	15702.0	15702.0
0	4	0	15476.0	15476.0
0	4	3	13452.0	13452.0
