-----------------------------------------------------
-----     Resultados para Ejemplo Peque   -----
-----------------------------------------------------

Parametro Deficit (alfa): 1.0
Parametro Exceso (beta):  1.0
Parametro de probabilidades (epsilon): 0.18
CPU time: 0.001
p	q	g Estimada	g Exacta	g Referencia	Deficit	Exceso
0	1	1740.0	1740.0	1740.0	0	 	0
0	2	7436.0	7436.0	7436.0	0	 	0
0	3	4200.0	4200.0	4200.0	0	 	0
0	4	3116.0	3116.0	3116.0	0	 	0
0	5	13780.0	13780.0	13780.0	0	 	0
0	6	8708.0	8708.0	8708.0	0	 	0
0	7	2112.0	2112.0	2112.0	0	 	0
0	8	14560.0	14560.0	14560.0	0	 	0
1	0	10508.0	10508.0	10508.0	0	 	0
1	2	6868.0	6868.0	6868.0	0	 	0
1	3	1180.0	1180.0	1180.0	0	 	0
1	4	11056.0	11056.0	11056.0	0	 	0
1	5	2696.0	2696.0	2696.0	0	 	0
1	6	15452.0	15452.0	15452.0	0	 	0
1	7	16160.0	16160.0	16160.0	0	 	0
1	8	10392.0	10392.0	10392.0	0	 	0
2	0	13528.0	13528.0	13528.0	0	 	0
2	1	4280.0	4280.0	4280.0	0	 	0
2	3	6484.0	6484.0	6484.0	0	 	0
2	4	8192.0	8192.0	8192.0	0	 	0
2	5	14804.0	14804.0	14804.0	0	 	0
2	6	12680.0	12680.0	12680.0	0	 	0
2	7	10104.0	10104.0	10104.0	0	 	0
2	8	972.0	972.0	972.0	0	 	0
3	0	13420.0	13420.0	13420.0	0	 	0
3	1	2632.0	2632.0	2632.0	0	 	0
3	2	1996.0	1996.0	1996.0	0	 	0
3	4	10196.0	10196.0	10196.0	0	 	0
3	5	4256.0	4256.0	4256.0	0	 	0
3	6	9256.0	9256.0	9256.0	0	 	0
3	7	7496.0	7496.0	7496.0	0	 	0
3	8	3720.0	3720.0	3720.0	0	 	0
4	0	17972.0	17972.0	17972.0	0	 	0
4	1	1024.0	1024.0	1024.0	0	 	0
4	2	11552.0	11552.0	11552.0	0	 	0
4	3	4428.0	4428.0	4428.0	0	 	0
4	5	3016.0	3016.0	3016.0	0	 	0
4	6	3940.0	3940.0	3940.0	0	 	0
4	7	9412.0	9412.0	9412.0	0	 	0
4	8	6804.0	6804.0	6804.0	0	 	0
5	0	6460.0	6460.0	6460.0	0	 	0
5	1	15256.0	15256.0	15256.0	0	 	0
5	2	9276.0	9276.0	9276.0	0	 	0
5	3	5936.0	5936.0	5936.0	0	 	0
5	4	7240.0	7240.0	7240.0	0	 	0
5	6	17616.0	17616.0	17616.0	0	 	0
5	7	16840.0	16840.0	16840.0	0	 	0
5	8	15028.0	15028.0	15028.0	0	 	0
6	0	17044.0	17044.0	17044.0	0	 	0
6	1	2980.0	2980.0	2980.0	0	 	0
6	2	5636.0	5636.0	5636.0	0	 	0
6	3	1484.0	1484.0	1484.0	0	 	0
6	4	5128.0	5128.0	5128.0	0	 	0
6	5	16232.0	16232.0	16232.0	0	 	0
6	7	16884.0	16884.0	16884.0	0	 	0
6	8	7432.0	7432.0	7432.0	0	 	0
7	0	6616.0	6616.0	6616.0	0	 	0
7	1	5156.0	5156.0	5156.0	0	 	0
7	2	3228.0	3228.0	3228.0	0	 	0
7	3	14096.0	14096.0	14096.0	0	 	0
7	4	14484.0	14484.0	14484.0	0	 	0
7	5	11276.0	11276.0	11276.0	0	 	0
7	6	8776.0	8776.0	8776.0	0	 	0
7	8	16640.0	16640.0	16640.0	0	 	0
8	0	12380.0	12380.0	12380.0	0	 	0
8	1	13240.0	13240.0	13240.0	0	 	0
8	2	9696.0	9696.0	9696.0	0	 	0
8	3	15416.0	15416.0	15416.0	0	 	0
8	4	12564.0	12564.0	12564.0	0	 	0
8	5	4056.0	4056.0	4056.0	0	 	0
8	6	10744.0	10744.0	10744.0	0	 	0
8	7	13084.0	13084.0	13084.0	0	 	0

l	i	j	v Observado	v Estimado
0	0	1	75744.0	75744.0
0	0	1	75744.0	75744.0
0	1	2	43888.0	43888.0
0	0	1	75744.0	75744.0
0	1	2	43888.0	43888.0
0	2	3	28130.0	28130.0
0	0	1	75744.0	75744.0
0	1	4	96986.0	96986.0
0	0	1	75744.0	75744.0
0	1	4	96986.0	96986.0
0	4	5	38552.0	38552.0
0	0	1	75744.0	75744.0
0	1	4	96986.0	96986.0
0	4	6	80984.0	80984.0
0	0	8	50784.0	50784.0
0	8	7	61472.0	61472.0
0	7	6	85968.0	85968.0
0	0	8	50784.0	50784.0
0	8	7	61472.0	61472.0
0	0	8	50784.0	50784.0
0	1	0	95907.0	95907.0
0	1	2	43888.0	43888.0
0	1	2	43888.0	43888.0
0	2	3	28130.0	28130.0
0	1	4	96986.0	96986.0
0	4	3	56544.0	56544.0
0	1	4	96986.0	96986.0
0	1	4	96986.0	96986.0
0	4	5	38552.0	38552.0
0	1	4	96986.0	96986.0
0	4	6	80984.0	80984.0
0	1	0	95907.0	95907.0
0	0	8	50784.0	50784.0
0	8	7	61472.0	61472.0
0	1	4	96986.0	96986.0
0	4	6	80984.0	80984.0
0	6	7	104269.0	104269.0
0	1	0	95907.0	95907.0
0	0	8	50784.0	50784.0
0	2	1	72008.0	72008.0
0	1	0	95907.0	95907.0
0	2	1	72008.0	72008.0
0	2	3	28130.0	28130.0
0	2	1	72008.0	72008.0
0	1	4	96986.0	96986.0
0	2	3	28130.0	28130.0
0	3	4	43528.0	43528.0
0	2	1	72008.0	72008.0
0	1	4	96986.0	96986.0
0	4	5	38552.0	38552.0
0	2	1	72008.0	72008.0
0	1	4	96986.0	96986.0
0	4	6	80984.0	80984.0
0	2	1	72008.0	72008.0
0	1	0	95907.0	95907.0
0	0	8	50784.0	50784.0
0	8	7	61472.0	61472.0
0	2	3	28130.0	28130.0
0	3	4	43528.0	43528.0
0	4	6	80984.0	80984.0
0	6	7	104269.0	104269.0
0	2	1	72008.0	72008.0
0	1	0	95907.0	95907.0
0	0	8	50784.0	50784.0
0	3	2	40894.0	40894.0
0	2	1	72008.0	72008.0
0	1	0	95907.0	95907.0
0	3	2	40894.0	40894.0
0	2	1	72008.0	72008.0
0	3	4	43528.0	43528.0
0	4	1	61025.0	61025.0
0	3	2	40894.0	40894.0
0	3	4	43528.0	43528.0
0	3	4	43528.0	43528.0
0	4	5	38552.0	38552.0
0	3	4	43528.0	43528.0
0	4	6	80984.0	80984.0
0	3	4	43528.0	43528.0
0	4	6	80984.0	80984.0
0	6	7	104269.0	104269.0
0	3	2	40894.0	40894.0
0	2	1	72008.0	72008.0
0	1	0	95907.0	95907.0
0	0	8	50784.0	50784.0
0	3	4	43528.0	43528.0
0	4	6	80984.0	80984.0
0	6	7	104269.0	104269.0
0	7	8	67953.0	67953.0
0	4	1	61025.0	61025.0
0	1	0	95907.0	95907.0
0	4	1	61025.0	61025.0
0	4	3	56544.0	56544.0
0	3	2	40894.0	40894.0
0	4	1	61025.0	61025.0
0	1	2	43888.0	43888.0
0	4	3	56544.0	56544.0
0	4	5	38552.0	38552.0
0	4	6	80984.0	80984.0
0	4	6	80984.0	80984.0
0	6	7	104269.0	104269.0
0	4	1	61025.0	61025.0
0	1	0	95907.0	95907.0
0	0	8	50784.0	50784.0
0	4	6	80984.0	80984.0
0	6	7	104269.0	104269.0
0	7	8	67953.0	67953.0
0	5	4	44168.0	44168.0
0	4	1	61025.0	61025.0
0	1	0	95907.0	95907.0
0	5	4	44168.0	44168.0
0	4	1	61025.0	61025.0
0	5	4	44168.0	44168.0
0	4	3	56544.0	56544.0
0	3	2	40894.0	40894.0
0	5	4	44168.0	44168.0
0	4	3	56544.0	56544.0
0	5	4	44168.0	44168.0
0	5	6	49484.0	49484.0
0	5	6	49484.0	49484.0
0	6	7	104269.0	104269.0
0	5	6	49484.0	49484.0
0	6	7	104269.0	104269.0
0	7	8	67953.0	67953.0
0	6	7	104269.0	104269.0
0	7	8	67953.0	67953.0
0	8	0	72897.0	72897.0
0	6	4	66251.0	66251.0
0	4	1	61025.0	61025.0
0	1	0	95907.0	95907.0
0	6	4	66251.0	66251.0
0	4	1	61025.0	61025.0
0	6	4	66251.0	66251.0
0	4	3	56544.0	56544.0
0	3	2	40894.0	40894.0
0	6	4	66251.0	66251.0
0	4	3	56544.0	56544.0
0	6	4	66251.0	66251.0
0	6	5	31564.0	31564.0
0	6	7	104269.0	104269.0
0	6	7	104269.0	104269.0
0	7	8	67953.0	67953.0
0	7	8	67953.0	67953.0
0	8	0	72897.0	72897.0
0	7	6	85968.0	85968.0
0	6	4	66251.0	66251.0
0	4	1	61025.0	61025.0
0	7	8	67953.0	67953.0
0	8	0	72897.0	72897.0
0	0	1	75744.0	75744.0
0	7	6	85968.0	85968.0
0	6	4	66251.0	66251.0
0	4	3	56544.0	56544.0
0	3	2	40894.0	40894.0
0	7	8	67953.0	67953.0
0	8	0	72897.0	72897.0
0	0	1	75744.0	75744.0
0	1	2	43888.0	43888.0
0	7	6	85968.0	85968.0
0	6	4	66251.0	66251.0
0	4	3	56544.0	56544.0
0	7	6	85968.0	85968.0
0	6	4	66251.0	66251.0
0	7	6	85968.0	85968.0
0	6	5	31564.0	31564.0
0	7	6	85968.0	85968.0
0	7	8	67953.0	67953.0
0	8	0	72897.0	72897.0
0	8	0	72897.0	72897.0
0	0	1	75744.0	75744.0
0	8	0	72897.0	72897.0
0	0	1	75744.0	75744.0
0	1	2	43888.0	43888.0
0	8	7	61472.0	61472.0
0	7	6	85968.0	85968.0
0	6	4	66251.0	66251.0
0	4	3	56544.0	56544.0
0	8	0	72897.0	72897.0
0	0	1	75744.0	75744.0
0	1	2	43888.0	43888.0
0	2	3	28130.0	28130.0
0	8	7	61472.0	61472.0
0	7	6	85968.0	85968.0
0	6	4	66251.0	66251.0
0	8	0	72897.0	72897.0
0	0	1	75744.0	75744.0
0	1	4	96986.0	96986.0
0	8	7	61472.0	61472.0
0	7	6	85968.0	85968.0
0	6	5	31564.0	31564.0
0	8	7	61472.0	61472.0
0	7	6	85968.0	85968.0
0	8	7	61472.0	61472.0
